time decyear lat lon Hice1 Hice2 Himth geoid distnode width reachID nodeID wse OCval
420896784.499069 2013.336 41.304884 -92.939333 251.523967242202 240.582867242202 239.666261467705 -31.3915497407621 3042.26054773263 152 74284100161 74284100160531 207.300003051758 0
420896784.52498 2013.336 41.306402 -92.939846 251.661072757797 239.975672757797 240.466644288883 -31.3906502592379 2930.08315775043 152 74284100161 74284100160531 207.300003051758 0
420896784.550892 2013.336 41.307921 -92.940358 240.365377684142 239.046477684142 241.034427732743 -31.3897501851699 2824.02545079563 152 74284100161 74284100160531 207.300003051758 0
420896784.576804 2013.336 41.30944 -92.940871 240.461282610485 239.220082610484 242.876813048307 -31.388850111102 2725.01371053796 152 74284100161 74284100160531 207.300003051758 0
420896784.602715 2013.336 41.310959 -92.941384 237.856587536829 239.104687536827 243.324205427536 -31.387950037034 2629.26187282334 208.5 74284100161 74284100160541 207.300003051758 0
420896784.628627 2013.336 41.312478 -92.941897 226.498192463171 234.161092463171 243.479956386024 -31.387049962966 2535.02493602512 208.5 74284100161 74284100160541 207.300003051758 0
420896784.654538 2013.336 41.313997 -92.94241 232.322897389516 229.832397389517 243.612112221325 -31.386149888898 2449.53837925037 208.5 74284100161 74284100160541 207.300003051758 0
420896784.68045 2013.336 41.315516 -92.942923 226.729202315859 226.716702315858 242.962739794392 -31.3852498148301 2373.74773690644 208.5 74284100161 74284100160541 207.300003051758 0
420896784.706362 2013.336 41.317035 -92.943436 233.761507242204 226.835907242203 242.214334310622 -31.3843497407621 2308.60809893757 208.5 74284100161 74284100160541 207.300003051758 0
420896784.732273 2013.336 41.318553 -92.943949 233.777812757798 226.092012757797 240.934115926618 -31.3834502592379 2255.09832254471 208.5 74284100161 74284100160541 207.300003051758 0
420896784.758185 2013.336 41.320072 -92.944462 233.85421768414 226.199617684141 239.651182088146 -31.3825501851699 2133.07968976013 189 74284100161 74284100160641 207.300003051758 0
420896784.784096 2013.336 41.321591 -92.944975 233.737622610485 226.220322610485 238.597710856364 -31.381650111102 1988.09088047209 189 74284100161 74284100160641 207.300003051758 19
420896784.810008 2013.336 41.32311 -92.945488 247.045127536828 215.459127536827 237.323759340124 -31.380750037034 1848.11757112749 189 74284100161 74284100160641 207.300003051758 0
420896784.835917 2013.336 41.324629 -92.946001 220.620432463172 224.266432463173 235.837523176463 -31.379849962966 1714.38862959434 189 74284100161 74284100160641 207.300003051758 0
420896784.861829 2013.336 41.326147 -92.946514 217.336437978766 227.281937978766 236.852669288516 -31.3789504814419 1588.57651359423 189 74284100161 74284100160641 207.300003051758 0
420896784.88774 2013.336 41.327666 -92.947027 227.086442905112 225.859442905111 234.488914718059 -31.3780504073739 1472.49458239239 189 74284100161 74284100160641 207.300003051758 0
420896784.913652 2013.336 41.329185 -92.94754 227.519347831454 227.580247831454 232.181054709303 -31.3771503333059 1358.76024848263 180.5 74284100161 74284100160651 207.300003051758 0
420896784.939564 2013.336 41.330704 -92.948054 228.051567622464 227.791267622464 230.913151810736 -31.3764663731235 1250.52987586187 180.5 74284100161 74284100160651 207.300003051758 0
420896784.965475 2013.336 41.332223 -92.948567 227.301602561234 227.276702561234 230.372019536451 -31.3759988115618 1158.38182166212 180.5 74284100161 74284100160651 207.300003051758 0
420896784.991387 2013.336 41.333742 -92.94908 229.1495375 227.315237499999 230.121891001387 -31.37553125 1077.16786519408 150 74284100161 74284100160661 207.300003051758 0
420896785.017298 2013.336 41.33526 -92.949593 227.20217274493 227.45627274493 229.882562847712 -31.375063996247 998.54964711842 150 74284100161 74284100160661 207.300003051758 0
420896785.04321 2013.336 41.336779 -92.950106 208.991507683699 208.748707683699 229.643883953656 -31.3745964346853 945.532042376934 150 74284100161 74284100160671 207.300003051758 0
420896785.069122 2013.336 41.338298 -92.95062 209.119342622465 208.982242622466 229.240517307812 -31.3741288731235 853.449633907565 199.5 74284100161 74284100160691 207.300003051758 0
420896785.095033 2013.336 41.339817 -92.951133 209.320977561234 209.183877561234 226.37646651127 -31.3736613115618 726.500976953662 197 74284100161 74284100160701 207.300003051758 0
420896785.120945 2013.336 41.341336 -92.951646 209.626712499998 209.500312499999 222.741967571072 -31.37319375 594.218521793676 155 74284100161 74284100160711 207.300003051758 0
420896785.146856 2013.336 41.342855 -92.95216 209.662747438766 209.589147438767 219.450036948776 -31.3727261884382 467.235636938327 155 74284100161 74284100160711 207.300003051758 0
420896785.172768 2013.336 41.344373 -92.952673 209.751682683698 209.676482683699 216.966221907647 -31.3722589346853 336.127584188664 173.5 74284100161 74284100160721 207.300003051758 0
420896785.19868 2013.336 41.345892 -92.953186 209.872317622465 209.720417622466 215.024947989301 -31.3717913731235 234.764053478154 173.5 74284100161 74284100160721 207.300003051758 0
420896785.224591 2013.336 41.347411 -92.9537 210.023052561232 209.903852561232 213.484426726026 -31.3713238115618 141.745107215334 169 74284100161 74284100160731 207.300003051758 0
420896785.250503 2013.336 41.34893 -92.954213 NA NA NA -31.37085625 78.4988083797906 190 74284100161 74284100160741 207.300003051758 37
420896785.276414 2013.336 41.350449 -92.954726 NA NA NA -31.3703886884382 96.484953382329 190 74284100161 74284100160741 207.300003051758 91
420896785.302326 2013.336 41.351968 -92.95524 NA NA NA -31.3699211268765 180.625193716163 195 74284100161 74284100160751 207.300003051758 0
420896785.328238 2013.336 41.353486 -92.955753 NA NA NA -31.3694538731235 313.876972916359 183 74284100161 74284100160761 207.300003051758 0
420896785.354149 2013.336 41.355005 -92.956267 209.893527561231 209.878127561231 208.717132251692 -31.3689863115618 427.384926451288 183 74284100161 74284100160761 207.300003051758 0
420896785.380061 2013.336 41.356524 -92.95678 NA NA NA -31.36851875 524.302345098776 169 74284100161 74284100160781 207.300003051758 0
420896785.405972 2013.336 41.358043 -92.957294 NA NA NA -31.3680511884382 609.905324655482 169 74284100161 74284100160781 207.300003051758 0
420896785.431884 2013.336 41.359562 -92.957807 NA NA NA -31.3675836268765 694.325179741305 169 74284100161 74284100160791 207.300003051758 0
420896785.457796 2013.336 41.36108 -92.958321 209.784467622465 209.672967622466 208.60338112381 -31.3671163731235 762.063149698652 159 74284100161 74284100160801 207.300003051758 0
420896785.483707 2013.336 41.362599 -92.958834 209.626602561232 209.541102561232 209.480582673183 -31.3666488115618 855.346105262899 159 74284100161 74284100160801 207.300003051758 0
420896785.509619 2013.336 41.364118 -92.959348 209.5435375 209.385737499999 209.87571571229 -31.36618125 946.431545944349 210 74284100161 74284100160821 207.300003051758 0
420896785.53553 2013.336 41.365637 -92.959861 210.658672438768 209.362972438767 210.254486257152 -31.3657136884382 1026.42983736259 210 74284100161 74284100160821 207.300003051758 0
420896785.561442 2013.336 41.367156 -92.960375 214.241707377535 210.828307377535 210.548381759694 -31.3652461268765 1117.52573404823 169 74284100161 74284100160831 207.300003051758 0
420896785.587354 2013.336 41.368674 -92.960889 214.504142622466 209.112242622465 211.150407246358 -31.3647788731235 1191.22217751315 143 74284100161 74284100160851 207.300003051758 0
420896785.613265 2013.336 41.370193 -92.961402 214.709277561233 208.223477561233 211.821372485737 -31.3643113115618 1253.43773488604 143 74284100161 74284100160851 207.300003051758 0
420896785.639177 2013.336 41.371712 -92.961916 215.809412499999 215.737712499999 212.583479071325 -31.36384375 1334.56036906919 127 74284100161 74284100160861 207.300003051758 0
420896785.665088 2013.336 41.373231 -92.96243 216.161647438767 215.901047438768 213.677607212776 -31.3633761884382 1409.32124513973 127 74284100161 74284100160861 207.300003051758 0
420896785.691 2013.336 41.37475 -92.962943 216.117382377534 216.012782377536 214.839970697375 -31.3629086268765 1481.80589569726 171 74284100161 74284100160891 209.300003051758 0
420896785.716912 2013.336 41.376268 -92.963457 216.354217622466 216.336617622465 215.906535338319 -31.3624413731235 1513.98315151006 1086.68774414062 74284100174 74284100170024 217.400009155273 0
420896785.742823 2013.336 41.377787 -92.963971 216.629952561233 216.597452561233 216.852257177239 -31.3619738115618 1520.39434087429 1489.55975341797 74284100183 74284100180013 217.400009155273 0
420896785.768735 2013.336 41.379306 -92.964484 222.691487500001 216.8091875 217.683547620714 -31.36150625 1528.03085995252 1701.81884765625 74284100183 74284100180023 217.400009155273 0
420896785.794646 2013.336 41.380825 -92.964998 223.293822438768 223.467122438766 218.344579353348 -31.3610386884382 1539.82507951534 1701.81884765625 74284100183 74284100180023 217.400009155273 0
420896785.820558 2013.336 41.382343 -92.965512 228.809157683698 NA 219.275067850626 -31.3605714346853 1570.87795711796 1701.81884765625 74284100183 74284100180023 217.400009155273 75
420896785.84647 2013.336 41.383862 -92.966026 228.937992622467 NA 220.993600078454 -31.3601038731235 1620.17101177892 1701.81884765625 74284100183 74284100180023 217.400009155273 0
420896785.872383 2013.336 41.385381 -92.96654 228.685127561232 NA 223.881708434998 -31.3596363115618 1686.06816403715 1701.81884765625 74284100183 74284100180023 217.400009155273 0
420896785.898294 2013.336 41.3869 -92.967053 228.613862500001 NA 226.258396300012 -31.35916875 1766.77206625842 1701.81884765625 74284100183 74284100180023 217.400009155273 0
420896785.924206 2013.336 41.388419 -92.967567 237.579997438769 228.381897438769 228.125544810177 -31.3587011884382 1860.24133912647 1701.81884765625 74284100183 74284100180023 217.400009155273 0
420896785.950117 2013.336 41.389937 -92.968081 228.171532683699 225.609132683698 228.857612331568 -31.3582339346853 1964.62138787686 1701.81884765625 74284100183 74284100180023 217.400009155273 0
420896785.976029 2013.336 41.391456 -92.968595 237.90948880311 238.234188803109 229.465557754187 -31.3578863043013 2078.4280018984 1701.81884765625 74284100183 74284100180023 217.400009155273 0
420896786.001941 2013.336 41.392975 -92.969109 238.11106626282 NA 229.948311896631 -31.3576587631072 2200.12791696379 1701.81884765625 74284100183 74284100180023 217.400009155273 0
420896786.027852 2013.336 41.394494 -92.969623 238.31634372253 NA 230.790191279382 -31.3574312219131 2328.48376856978 1701.81884765625 74284100183 74284100180023 217.400009155273 0
420896786.053764 2013.336 41.396012 -92.970137 239.394621328746 NA 233.874818372614 -31.3572038305157 2456.06562526885 2706 74284100183 74284100180033 217.400009155273 0
420896786.079675 2013.336 41.397531 -92.970651 238.587698788456 238.598398788457 235.922009976999 -31.3569762893216 2589.00479654368 2706 74284100183 74284100180033 217.400009155273 0
420896786.105587 2013.336 41.39905 -92.971165 NA 229.811276248169 238.095882331231 -31.3567487481275 2726.57422999824 2706 74284100183 74284100180033 217.400009155273 0
420896786.131499 2013.336 41.400569 -92.971679 249.768953707879 NA 239.429611594185 -31.3565212069334 2868.1076911679 2706 74284100183 74284100180033 217.400009155273 0
420896786.15741 2013.336 41.402087 -92.972193 249.582131314096 248.711131314096 239.767232916198 -31.3562938155361 3012.94123196927 2706 74284100183 74284100180033 217.400009155273 0
420896786.183322 2013.336 41.403606 -92.972707 249.893008773806 244.209708773807 241.265450306958 -31.356066274342 3160.81611031354 2706 74284100183 74284100180033 217.400009155273 0
420896786.209233 2013.336 41.405125 -92.973221 244.961886233518 244.790186233518 243.353026353706 -31.3558387331479 3311.23465818953 2706 74284100183 74284100180033 217.400009155273 0
420896786.235145 2013.336 41.406644 -92.973735 244.96346369323 244.996863693229 246.282325124441 -31.3556111919538 3452.75760073752 2778 74284100183 74284100180133 221.100006103516 0
420896786.261057 2013.336 41.408162 -92.974249 236.139641299446 250.858741299445 247.347827395825 -31.3553838005564 3545.61639221826 2778 74284100183 74284100180133 221.100006103516 0
420896786.286968 2013.336 41.409681 -92.974763 NA NA NA -31.3551562593623 3644.49992916528 2778 74284100183 74284100180133 221.100006103516 0
420896786.31288 2013.336 41.4112 -92.975278 250.639496218869 250.473496218868 248.897250929459 -31.3549287181682 3748.8075157283 2778 74284100183 74284100180133 221.100006103516 0
420896786.338791 2013.336 41.412719 -92.975792 253.08337367858 250.539173678579 250.012846444176 -31.3547011769741 3858.19966765406 2778 74284100183 74284100180133 221.100006103516 0
420896786.364703 2013.336 41.414237 -92.976306 253.540351284796 246.349151284795 251.640312049311 -31.3544737855767 3971.69921673096 2714 74284100183 74284100180143 221.100006103516 0
420896786.390615 2013.336 41.415756 -92.97682 253.175228744506 252.682528744507 252.671778681402 -31.3542462443826 4083.37395563854 2714 74284100183 74284100180143 221.100006103516 0
420896786.416526 2013.336 41.417275 -92.977334 253.200306204217 253.241106204217 252.924913450791 -31.3540187031885 4190.03210393869 2422 74284100183 74284100180163 221.100006103516 0
420896786.442438 2013.336 41.418794 -92.977849 253.361283663929 252.251583663928 253.29912336431 -31.3537911619944 4297.59122012753 2422 74284100183 74284100180163 221.100006103516 0
420896786.468349 2013.336 41.420312 -92.978363 253.664561270145 253.859861270144 253.570939439542 -31.353563770597 4399.61349777754 2122 74284100183 74284100180193 221.100006103516 0
420896786.494261 2013.336 41.421831 -92.978877 255.866238729856 252.838038729856 253.971378672441 -31.353336229403 4497.4351841183 2122 74284100183 74284100180193 221.100006103516 0
420896786.520173 2013.336 41.42335 -92.979392 254.090216189567 258.794216189567 254.225712875577 -31.3531086882089 4599.71142686747 2122 74284100183 74284100180193 221.100006103516 0
420896786.546084 2013.336 41.424868 -92.979906 254.380593795783 254.085793795783 254.52458239603 -31.3528812968115 4699.78631571115 2061 74284100183 74284100180203 221.199996948242 0
420896786.571996 2013.336 41.426387 -92.98042 254.461771255494 254.655471255494 255.027559564423 -31.3526537556174 4804.05654809343 2061 74284100183 74284100180203 221.199996948242 0
420896786.597907 2013.336 41.427906 -92.980935 254.463348715204 265.719048715203 255.628420887779 -31.3524262144233 4909.45395778651 1944 74284100183 74284100180233 221.25 0
420896834.731596 2013.336 44.245739 -93.971154 299.010625956149 NA 293.879528664876 -27.3997184553248 3056.82848024658 86.5 74288100121 74288100120251 227.199996948242 0
420896834.757534 2013.336 44.247255 -93.971707 298.96244404385 NA 296.273022397403 -27.3979315446752 2987.91602298685 86.5 74288100121 74288100120251 227.199996948242 0
420896834.783472 2013.336 44.248772 -93.972261 298.88606095615 299.039760956149 299.188680130805 -27.3961434553248 2926.83930386871 89.5 74288100121 74288100120241 227.199996948242 0
420896834.809409 2013.336 44.250288 -93.972814 299.120579043851 295.514079043851 301.23503163376 -27.3943565446752 2866.47101682935 89.5 74288100121 74288100120241 227.199996948242 0
420896834.835347 2013.336 44.251805 -93.973368 299.05969595615 294.106895956149 303.185188277403 -27.3925684553248 2815.50988042767 89.5 74288100121 74288100120241 227.199996948242 0
420896834.861285 2013.336 44.253321 -93.973921 300.312414043849 295.93421404385 304.492078869257 -27.3907815446752 2774.64672807542 89.5 74288100121 74288100120241 227.199996948242 0
420896834.887223 2013.336 44.254838 -93.974475 300.553130956149 300.53163095615 305.374659899592 -27.3889934553248 2744.17447938897 89.5 74288100121 74288100120241 227.199996948242 0
420896834.913161 2013.336 44.256354 -93.975029 303.00724904385 296.62344904385 306.053124236049 -27.3872065446752 2724.50612708689 89.5 74288100121 74288100120241 227.199996948242 0
420896834.939099 2013.336 44.257871 -93.975582 302.927565956151 296.205365956151 306.664950908119 -27.3854184553248 2715.9859068436 89.5 74288100121 74288100120241 227.199996948242 0
420896834.965037 2013.336 44.259387 -93.976136 300.19138404385 296.705684043851 306.356188342476 -27.3836315446752 2718.51660270253 89.5 74288100121 74288100120241 227.199996948242 0
420896834.990975 2013.336 44.260904 -93.97669 298.29520095615 295.915200956149 306.55599045064 -27.3818434553248 2656.44388592339 120.5 74288100111 74288100110451 226.199996948242 0
420896835.016913 2013.336 44.26242 -93.977244 297.959319043853 295.570519043852 306.335358803337 -27.3800565446752 2501.08736566995 120.5 74288100111 74288100110451 226.199996948242 0
420896835.042851 2013.336 44.263937 -93.977797 297.798935956149 297.723635956149 306.106359433686 -27.3782684553248 2348.34114110942 120.5 74288100111 74288100110451 226.199996948242 0
420896835.068789 2013.336 44.265453 -93.978351 310.818254043852 NA 305.934314512446 -27.3764815446752 2198.80627660392 120.5 74288100111 74288100110451 226.199996948242 0
420896835.094727 2013.336 44.26697 -93.978905 297.005370956148 296.650470956148 306.608602316996 -27.3746934553248 2053.07772924187 120.5 74288100111 74288100110451 226.199996948242 0
420896835.120665 2013.336 44.268487 -93.979459 299.500087868448 296.575587868447 306.975671526442 -27.3729053659743 1912.12339461214 120.5 74288100111 74288100110451 226.199996948242 0
420896835.146603 2013.336 44.270003 -93.980013 298.896905956149 295.68700595615 306.564536780905 -27.3711184553248 1777.14232761696 120.5 74288100111 74288100110451 226.199996948242 0
420896835.172541 2013.336 44.27152 -93.980567 NA NA NA -27.3693303659743 1637.77619976278 67 74288100111 74288100110441 226.199996948242 0
420896835.198479 2013.336 44.273036 -93.981121 NA NA NA -27.3675434553248 1504.93221923088 67 74288100111 74288100110441 226.199996948242 0
420896835.224417 2013.336 44.274553 -93.981675 295.013357868447 289.675457868447 304.797642532343 -27.3657553659743 1381.23819143111 67 74288100111 74288100110441 226.199996948242 0
420896835.250355 2013.336 44.276069 -93.982228 294.704575956151 288.640275956151 304.454061568829 -27.3639684553248 1269.57394734525 67 74288100111 74288100110441 226.199996948242 0
420896835.276293 2013.336 44.277586 -93.982782 302.391292868447 273.597292868445 303.715641194924 -27.3621803659743 1173.10899026091 67 74288100111 74288100110441 226.199996948242 0
420896835.302231 2013.336 44.279102 -93.983337 303.676810956149 284.816010956149 303.226053903318 -27.3603934553248 1075.55787528029 77 74288100111 74288100110431 226.199996948242 30
420896835.328169 2013.336 44.280619 -93.983891 295.438127868446 287.586327868446 303.551495543781 -27.3586053659743 993.509096435202 77 74288100111 74288100110431 226.199996948242 7
420896835.354107 2013.336 44.282135 -93.984445 295.804045956149 289.22444595615 303.99643741415 -27.3568184553248 930.341793152616 117 74288100111 74288100110421 226.199996948242 0
420896835.380045 2013.336 44.283652 -93.984999 296.235362868449 290.064562868449 303.370894786194 -27.3550303659743 858.536445276381 94 74288100111 74288100110411 226.199996948242 0
420896835.405983 2013.336 44.285168 -93.985553 297.635180956149 290.480780956149 303.275225200639 -27.3532434553248 758.441563032605 101 74288100111 74288100110401 226.199996948242 0
420896835.431921 2013.336 44.286685 -93.986107 296.611797868446 290.759497868446 303.220557485182 -27.3514553659743 620.824563642893 127 74288100111 74288100110381 225.600006103516 0
420896835.457859 2013.336 44.288201 -93.986661 295.44421595615 291.599215956148 303.552993016763 -27.3496684553248 475.051973194953 108 74288100111 74288100110371 225.600006103516 0
420896835.483797 2013.336 44.289718 -93.987215 298.917532868447 291.939132868447 303.952116433299 -27.3478803659743 324.146680075989 108 74288100111 74288100110371 225.600006103516 0
420896835.509735 2013.336 44.291234 -93.987769 296.038950956149 292.183950956148 304.023165237708 -27.3460934553248 212.546447191475 108 74288100111 74288100110371 225.600006103516 2
420896835.535673 2013.336 44.292751 -93.988324 298.482567868447 293.577067868448 304.274269725068 -27.3443053659743 93.8930393628131 104.5 74288100111 74288100110361 225.600006103516 1
420896835.561611 2013.336 44.294267 -93.988878 299.121485956149 294.232885956149 304.81297121364 -27.3425184553248 64.4454829766871 120 74288100111 74288100110351 225.550003051758 37
420896835.587549 2013.336 44.295784 -93.989432 298.947202868446 297.334302868446 305.337550965583 -27.3407303659743 112.463211544289 120 74288100111 74288100110351 225.550003051758 49
420896835.613487 2013.336 44.2973 -93.989986 298.969720956149 297.29452095615 305.743562855259 -27.3389434553248 191.378795523156 94 74288100111 74288100110341 225.5 0
420896835.639425 2013.336 44.298817 -93.990541 297.090937868448 292.293737868447 306.190057644718 -27.3371553659743 347.43408176977 94 74288100111 74288100110341 225.5 0
420896835.665363 2013.336 44.300333 -93.991095 299.46525595615 292.48245595615 306.518711803881 -27.3353684553248 515.138802776086 94 74288100111 74288100110341 225.5 0
420896835.691301 2013.336 44.301849 -93.991649 297.542074043851 293.693574043851 306.274082914832 -27.3335815446752 686.03843337029 94 74288100111 74288100110341 225.5 0
420896835.717239 2013.336 44.303366 -93.992204 299.892390956149 294.635890956149 306.54581522385 -27.3317934553248 858.359378590832 94 74288100111 74288100110341 225.5 0
420896835.743177 2013.336 44.304882 -93.992758 299.824064012399 294.803464012399 306.745825926239 -27.3299627627479 1031.18946312051 94 74288100111 74288100110341 225.5 0
420896835.769115 2013.336 44.306399 -93.993313 299.77549080238 284.509190802381 306.833123546493 -27.328087051783 1204.51750423246 94 74288100111 74288100110341 225.5 0
420896835.795053 2013.336 44.307915 -93.993867 294.406418827176 299.966118827176 307.720032714157 -27.3262125772788 1377.94139105008 94 74288100111 74288100110341 225.5 0
420896835.820991 2013.336 44.309432 -93.994422 294.481445617159 294.78564561716 306.968965812608 -27.3243368663139 1551.64778097513 94 74288100111 74288100110341 225.5 0
420896835.84693 2013.336 44.310948 -93.994976 284.592573641955 NA 303.771457593669 -27.3224623918097 1725.32869375938 94 74288100111 74288100110341 225.5 0
420896835.872868 2013.336 44.312465 -93.995531 299.254100431936 299.483600431936 303.721354600278 -27.3205866808447 1890.11716679466 127 74288100111 74288100110311 225.5 0
420896835.898806 2013.336 44.313981 -93.996085 299.086528456731 299.283328456731 303.357806490331 -27.3187122063406 2053.91390380636 127 74288100111 74288100110311 225.5 0
420896835.924744 2013.336 44.315498 -93.99664 303.126555246717 299.154455246716 304.045224580226 -27.3168364953756 2219.41571290708 127 74288100111 74288100110311 225.5 0
420896835.950682 2013.336 44.317014 -93.997194 303.310183271511 NA 304.533295221246 -27.3149620208715 2386.02320135646 127 74288100111 74288100110311 225.5 0
420896835.97662 2013.336 44.318531 -93.997749 298.462010061494 297.185910061494 304.958835955042 -27.3130863099065 2553.76587731021 127 74288100111 74288100110311 225.5 0
420896836.002558 2013.336 44.320047 -93.998304 298.358038086288 296.335538086287 305.223600776039 -27.3112118354023 2722.22534994733 127 74288100111 74288100110311 225.5 0
420896836.028496 2013.336 44.321564 -93.998858 296.853964876273 297.284064876272 305.122062584941 -27.3093361244374 2891.41541741478 127 74288100111 74288100110311 225.5 0
420896836.054434 2013.336 44.32308 -93.999413 297.878192901066 297.550592901066 304.942344833765 -27.3074616499332 3061.10554727017 127 74288100111 74288100110311 225.5 0
420896870.655724 2013.336 46.344011 -94.760781 379.650788692678 376.292888692679 418.53488284502 -26.0072561930091 3005.25221257842 36 74289600071 74289600070901 371.700012207031 0
420896870.681662 2013.336 46.345525 -94.761368 377.362956536605 377.359656536605 389.854302524874 -26.0081190349544 2977.59431795063 36 74289600071 74289600070901 371.700012207031 0
420896870.7076 2013.336 46.347038 -94.761956 377.28982380732 377.265723807322 387.794333885389 -26.0089813069909 2960.05642948603 36 74289600071 74289600070901 371.700012207031 0
420896870.733538 2013.336 46.348551 -94.762543 377.359791078037 377.368291078037 389.733511680855 -26.0098435790274 2943.37113930046 36 74289600071 74289600070931 372.700012207031 0
420896870.759476 2013.336 46.350065 -94.763131 377.268358921963 377.244758921964 388.912547362419 -26.0107064209726 2903.64941186332 51 74289600071 74289600070941 372.700012207031 0
420896870.785414 2013.336 46.351578 -94.763719 377.510226192678 377.520026192678 387.45830534027 -26.0115686930091 2870.64874731677 51 74289600071 74289600070941 372.700012207031 0
420896870.811352 2013.336 46.353092 -94.764306 377.573194036607 377.513494036607 386.732795683983 -26.0124315349544 2839.45193839308 48 74289600071 74289600070951 373.150009155273 0
420896870.83729 2013.336 46.354605 -94.764894 377.616561307323 377.457861307323 387.122570325128 -26.0132938069909 2815.26262261418 48 74289600071 74289600070951 373.150009155273 0
420896870.863228 2013.336 46.356118 -94.765482 377.889028578038 377.876128578037 385.788423086883 -26.0141560790274 2790.63993658868 55.5 74289600081 74289600080201 375.5 0
420896870.889166 2013.336 46.357632 -94.76607 377.770996421963 377.755596421965 386.027068785075 -26.0150189209726 2657.09538932935 55.5 74289600081 74289600080201 375.5 0
420896870.915105 2013.336 46.359145 -94.766657 377.810563692678 377.775563692678 384.731101978168 -26.0158811930091 2528.56854709374 55.5 74289600081 74289600080201 375.5 0
420896870.941043 2013.336 46.360658 -94.767245 377.820130963394 377.084130963395 384.113944943085 -26.0167434650456 2405.82190416225 55.5 74289600081 74289600080201 375.5 0
420896870.966981 2013.336 46.362172 -94.767833 376.892098807321 376.896998807321 382.970285182538 -26.0176063069909 2289.65453537856 55.5 74289600081 74289600080201 375.5 0
420896870.992919 2013.336 46.363685 -94.768421 376.653166078036 376.547466078036 381.921524568343 -26.0184685790274 2181.31818431239 55.5 74289600081 74289600080201 375.5 0
420896871.018857 2013.336 46.365198 -94.769009 377.175849527522 376.774249527521 380.616906499066 -26.0194482785964 2081.92616505647 55.5 74289600081 74289600080201 375.5 0
420896871.044795 2013.336 46.366712 -94.769597 377.489450036345 377.538850036345 378.872450830623 -26.0205462862618 1992.7403626445 55.5 74289600081 74289600080201 375.5 0
420896871.070733 2013.336 46.368225 -94.770185 376.490649818279 376.495949818278 377.872219807139 -26.0216435686909 1868.1223995319 71 74289600081 74289600080261 375.5 0
420896871.096671 2013.336 46.369738 -94.770773 376.527549600212 NA 377.529988036687 -26.0227408511201 1743.98743249759 71 74289600081 74289600080261 375.5 0
420896871.122609 2013.336 46.371252 -94.771361 379.376950109035 376.399850109035 377.154433220785 -26.0238388587854 1628.94071569 71 74289600081 74289600080261 375.5 0
420896871.148547 2013.336 46.372765 -94.771949 376.331149890965 376.340249890967 377.540724735968 -26.0249361412146 1525.24494620633 71 74289600081 74289600080261 375.5 0
420896871.174485 2013.336 46.374278 -94.772537 376.244249672901 376.257149672901 378.188251593712 -26.0260334236437 1435.24703745747 71 74289600081 74289600080261 375.5 0
420896871.200423 2013.336 46.375792 -94.773125 376.43775018172 376.323650181721 377.005923996396 -26.0271314313091 1361.59911149864 71 74289600081 74289600080261 375.5 0
420896871.226361 2013.336 46.377305 -94.773713 376.440249963657 376.358249963656 376.980507286446 -26.0282287137382 1307.22066441875 71 74289600081 74289600080261 375.5 0
420896871.252299 2013.336 46.378818 -94.774301 376.46374974559 376.37464974559 376.938270444195 -26.0293259961673 1274.49456879605 71 74289600081 74289600080261 375.5 0
420896871.278237 2013.336 46.380332 -94.77489 376.296650254411 376.286550254411 377.138885265396 -26.0304240038327 1265.14944759783 71 74289600081 74289600080261 375.5 0
420896871.304175 2013.336 46.381845 -94.775478 376.258550036345 376.290050036344 377.194893769613 -26.0315212862618 1137.27988730391 54 74289600081 74289600080411 376.200012207031 0
420896871.330113 2013.336 46.383358 -94.776066 376.080449818276 375.602249818277 377.250426517855 -26.0326185686909 978.806586939769 54 74289600081 74289600080411 376.200012207031 0
420896871.356051 2013.336 46.384872 -94.776654 375.627050327099 375.560950327099 377.287898106726 -26.0337165763563 826.549447401139 54 74289600081 74289600080411 376.200012207031 0
420896871.381989 2013.336 46.386385 -94.777243 NA NA NA -26.0348138587854 684.984036194157 54 74289600081 74289600080411 376.200012207031 0
420896871.407927 2013.336 46.387898 -94.777831 NA NA NA -26.0359111412146 555.586615261504 42 74289600081 74289600080421 376.200012207031 0
420896871.433865 2013.336 46.389412 -94.778419 NA NA NA -26.0370091488799 418.47992265931 42 74289600081 74289600080421 376.200012207031 0
420896871.459803 2013.336 46.390925 -94.779008 NA NA NA -26.0381064313091 311.449881257154 63 74289600081 74289600080431 376.200012207031 0
420896871.485741 2013.336 46.392438 -94.779596 NA NA NA -26.0392037137382 193.69979334688 63 74289600081 74289600080431 376.200012207031 0
420896871.511679 2013.336 46.393952 -94.780184 NA NA NA -26.0403017214036 99.3638013455291 42 74289600081 74289600080441 376.75 0
420896871.537617 2013.336 46.395465 -94.780773 375.879550254411 375.809150254412 377.210364698935 -26.0413990038327 110.096849080467 33 74289600081 74289600080451 377.399993896484 25
420896871.563555 2013.336 46.396978 -94.781361 375.969250036344 375.891450036345 377.275179320541 -26.0424962862618 87.0897760552665 33 74289600081 74289600080451 377.399993896484 0
420896871.589493 2013.336 46.398491 -94.78195 376.013749818278 375.955149818277 377.43513657293 -26.0435935686909 84.0496586990495 60 74289600081 74289600080461 377.399993896484 0
420896871.615431 2013.336 46.400005 -94.782538 376.060050327099 NA 377.704100825913 -26.0446915763563 52.6776905652152 54 74289600081 74289600080471 377.399993896484 0
420896871.641369 2013.336 46.401518 -94.783127 376.106850109035 376.134950109035 377.958960219233 -26.0457888587854 20.3802033541778 57 74289600081 74289600080481 377.399993896484 0
420896871.667307 2013.336 46.403031 -94.783715 376.206449890967 376.219749890967 378.277582650158 -26.0468861412146 145.533199474849 42 74289600081 74289600080491 377.399993896484 0
420896871.693245 2013.336 46.404545 -94.784304 375.995250399789 NA 379.267705687616 -26.0479841488799 267.815671867867 42 74289600081 74289600080491 377.399993896484 0
420896871.719183 2013.336 46.406058 -94.784893 377.374950181722 377.324550181722 379.646107240684 -26.0490814313091 407.172804996571 36 74289600081 74289600080631 377.399993896484 0
420896871.74512 2013.336 46.407571 -94.785481 377.970149963654 377.849649963655 379.977876747519 -26.0501787137382 241.076410188538 36 74289600081 74289600080631 377.399993896484 0
420896871.771058 2013.336 46.409084 -94.78607 376.799449745589 NA 380.497809736789 -26.0512759961673 105.343609162152 36 74289600081 74289600080631 377.399993896484 0
420896871.796996 2013.336 46.410598 -94.786659 376.80785025441 NA 381.074093420963 -26.0523740038327 120.104387825289 48 74289600081 74289600080641 377.399993896484 0
420896871.822934 2013.336 46.412111 -94.787247 376.674850036346 376.662150036344 380.994958809714 -26.0534712862618 266.493093545846 48 74289600081 74289600080641 377.399993896484 0
420896871.848872 2013.336 46.413624 -94.787836 376.706549818279 376.739549818278 381.55498612705 -26.0545685686909 341.916750318372 67 74289600081 74289600080661 377.399993896484 0
420896871.87481 2013.336 46.415137 -94.788425 376.958749600212 376.843849600211 381.405234801496 -26.0556658511201 389.551904794603 39 74289600081 74289600080671 377.399993896484 0
420896871.900748 2013.336 46.416651 -94.789014 377.007950109033 376.846450109033 381.4905974369 -26.0567638587854 461.24931597259 42 74289600081 74289600080681 377.399993896484 0
420896871.926686 2013.336 46.418164 -94.789603 377.041549890968 376.878749890968 382.603738457405 -26.0578611412146 524.537258765036 42 74289600081 74289600080681 377.399993896484 0
420896871.952624 2013.336 46.419677 -94.790191 376.902449672899 376.842049672901 383.004382391929 -26.0589584236437 631.056089892577 42 74289600081 74289600080681 377.399993896484 0
420896871.978562 2013.336 46.421191 -94.79078 376.827450181722 376.657250181724 -613.699781356971 -26.0600564313091 762.941735033218 42 74289600081 74289600080681 377.399993896484 0
420896872.0045 2013.336 46.422704 -94.791369 376.653949963655 376.600949963656 383.473839409983 -26.0611537137382 901.551780452082 58.5 74289600081 74289600080691 377.399993896484 0
420896872.030438 2013.336 46.424217 -94.791958 377.291349745589 376.14074974559 381.985791599067 -26.0622509961673 1038.8073849317 58.5 74289600081 74289600080691 377.399993896484 0
420896872.056376 2013.336 46.42573 -94.792547 377.622593697977 376.017093697977 382.973001068524 -26.0638924494649 1173.01458678678 36 74289600096 74289600091006 377.399993896484 0
420896872.082314 2013.336 46.427244 -94.793136 377.885783987317 377.660383987318 383.071013697945 -26.0660802384727 1058.26249491763 36 74289600096 74289600091006 377.399993896484 0
420896872.108252 2013.336 46.428757 -94.793725 378.264772829964 377.991072829965 382.563058454317 -26.0682665824415 961.592334931942 36 74289600096 74289600091006 377.399993896484 0
420896872.13419 2013.336 46.43027 -94.794314 378.223561672611 378.085561672612 383.120314878185 -26.0704529264104 888.850842470455 36 74289600096 74289600091006 377.399993896484 0
420896872.160128 2013.336 46.431783 -94.794903 378.56395051526 378.54475051526 383.858990798721 -26.0726392703792 846.231199783785 36 74289600096 74289600091006 377.399993896484 20
420896872.186066 2013.336 46.433296 -94.795492 378.508539357908 378.524139357908 383.643556632408 -26.074825614348 838.339918675473 36 74289600096 74289600091006 377.399993896484 0
420896872.212004 2013.336 46.43481 -94.796082 378.544329647244 378.545329647245 381.657827640029 -26.0770134033558 866.11560193296 36 74289600096 74289600091006 377.399993896484 0
420896872.237942 2013.336 46.436323 -94.796671 378.532318489894 378.469618489893 385.627423127829 -26.0791997473246 926.399831258993 36 74289600096 74289600091006 377.399993896484 0
420896872.263884 2013.336 46.437836 -94.79726 378.409007332541 378.407207332541 386.530412069322 -26.0813860912934 1013.37623948774 36 74289600096 74289600091006 377.399993896484 0
420896872.289835 2013.336 46.43935 -94.79785 378.611797621879 378.55609762188 388.928148994067 -26.0835738803012 1120.89885474876 36 74289600096 74289600091006 377.399993896484 0
420896872.315787 2013.336 46.440864 -94.798439 378.755487911217 378.771587911217 385.738596282081 -26.085761669309 1243.67480666297 36 74289600096 74289600091006 377.399993896484 0
420896872.341738 2013.336 46.442378 -94.799029 378.828378200555 378.744378200554 388.474546375285 -26.0879494583168 1377.5658454979 36 74289600096 74289600091006 377.399993896484 0
420896872.367689 2013.336 46.443892 -94.799618 NA NA NA -26.0901372473246 1519.69199751841 36 74289600096 74289600091006 377.399993896484 0
420896872.39364 2013.336 46.445406 -94.800208 NA NA NA -26.0923250363324 1667.90320897787 36 74289600096 74289600091006 377.399993896484 0
420896872.419591 2013.336 46.44692 -94.800798 NA NA NA -26.0945128253402 1820.73608664017 36 74289600096 74289600091006 377.399993896484 0
420896872.445543 2013.336 46.448434 -94.801387 NA NA NA -26.096700614348 1977.13238042146 36 74289600096 74289600091006 377.399993896484 0
420896872.471494 2013.336 46.449948 -94.801977 NA NA NA -26.0988884033558 2136.28329672219 36 74289600096 74289600091006 377.399993896484 0
420896872.497445 2013.336 46.451462 -94.802567 378.889519936583 NA 393.522818489789 -26.1010761923636 2297.62939178821 36 74289600096 74289600091006 377.399993896484 0
420896872.523396 2013.336 46.452976 -94.803156 378.932310225921 378.914010225921 393.5408776192 -26.1032639813714 2460.74529125567 36 74289600096 74289600091006 377.399993896484 0
420896872.549347 2013.336 46.45449 -94.803746 378.980700515259 379.00380051526 393.566018462123 -26.1054517703792 2625.2876711311 36 74289600096 74289600091006 377.399993896484 0
420896872.575299 2013.336 46.456004 -94.804336 379.492090804596 379.006490804596 393.632151155638 -26.107639559387 2791.01113155354 36 74289600096 74289600091006 377.399993896484 0
420896872.60125 2013.336 46.457518 -94.804926 379.667381093935 NA 393.656512126337 -26.1098273483948 2957.71710252828 36 74289600096 74289600091006 377.399993896484 0
