time decyear lat lon Hocean Hocog Himth geoid distnode width reachID nodeID wse OCval
514783394.068055 2016.312 41.315012 -88.470116 156.401964245063 156.245264245056 NA -32.8264286940874 3047.63973016087 199 74282700071 74282700070031 147.900009155273 0
514783394.117323 2016.312 41.317887 -88.471097 155.656537552694 155.943537552691 NA -32.8302866632391 2721.31318802737 199 74282700071 74282700070031 147.900009155273 0
514783394.166591 2016.312 41.320762 -88.472079 153.588110860307 152.764810860318 NA -32.8341446323907 2396.00001763545 199 74282700071 74282700070031 147.900009155273 0
514783394.215858 2016.312 41.323637 -88.47306 151.422184167945 151.114884167945 NA -32.8380026015424 2072.26209233051 199 74282700071 74282700070031 147.900009155273 0
514783394.265126 2016.312 41.326512 -88.474042 146.844957475576 146.650557475569 NA -32.8418605706941 1745.66970335602 216 74282700071 74282700070041 147.900009155273 0
514783394.314368 2016.312 41.329385 -88.475023 146.808827880035 146.677727880036 NA -32.8457158560411 1419.70496341046 216 74282700071 74282700070041 147.900009155273 93
514783394.363636 2016.312 41.33226 -88.476005 146.904301187676 146.70900118767 NA -32.8495738251928 1095.87930177071 216 74282700071 74282700070041 147.900009155273 94
514783394.412903 2016.312 41.335135 -88.476986 146.831174495298 146.69527449529 NA -32.8534317943445 777.449863557172 216 74282700071 74282700070041 147.900009155273 0
514783394.462171 2016.312 41.338009 -88.477968 146.905146351328 146.733146351322 NA -32.8572884215938 473.537589128396 258 74282700071 74282700070051 147.900009155273 2
514783394.511438 2016.312 41.340884 -88.47895 146.828219658944 146.64511965895 NA -32.8611463907455 147.752036383411 258 74282700071 74282700070051 147.900009155273 0
514783394.560705 2016.312 41.343759 -88.479932 146.777092966578 146.657492966573 NA -32.8650043598972 193.473718320171 258 74282700071 74282700070051 147.900009155273 0
514783394.609972 2016.312 41.346634 -88.480914 146.879466274198 146.758666274209 NA -32.8688623290488 477.122482103976 241.5 74282700071 74282700070061 147.900009155273 0
514783394.65924 2016.312 41.349508 -88.481896 154.75353813025 154.737138130257 NA -32.8727189562982 795.911677407617 241.5 74282700071 74282700070061 147.900009155273 0
514783394.708507 2016.312 41.352383 -88.482878 154.798611437884 154.553311437889 NA -32.8765769254499 1121.3353298686 241.5 74282700071 74282700070061 147.900009155273 0
514783394.757774 2016.312 41.355258 -88.48386 155.904984745505 155.835684745502 NA -32.8804348946015 1448.89899959322 241.5 74282700071 74282700070061 147.900009155273 0
514783394.807041 2016.312 41.358132 -88.484843 156.032056601539 155.834056601535 NA -32.8842915218509 1777.34262623798 241.5 74282700071 74282700070061 147.900009155273 0
514783394.856308 2016.312 41.361007 -88.485825 164.399929909167 164.252629909156 NA -32.8881494910026 2106.34931742975 235.5 74282700071 74282700070071 147.900009155273 0
514783394.905576 2016.312 41.363882 -88.486808 164.599003216796 164.428303216794 NA -32.8920074601542 2432.5497864291 235.5 74282700071 74282700070071 147.900009155273 0
514783394.954843 2016.312 41.366756 -88.48779 160.157975072841 167.505475072844 NA -32.8958640874036 2759.55845137923 235.5 74282700071 74282700070071 147.900009155273 0
514783395.00411 2016.312 41.369631 -88.488773 164.741374813185 168.069474813184 NA -32.8996003153493 3087.34455002014 235.5 74282700071 74282700070071 147.900009155273 0
514783398.353806 2016.312 41.565066 -88.555738 218.765590793453 218.075990793455 NA -33.0784558648588 2864.75598272465 127 74282600051 74282600050211 167.800003051758 0
514783398.403073 2016.312 41.56794 -88.556726 212.503833768148 223.199633768135 NA -33.0799534839473 2610.50620046936 127 74282600051 74282600050211 167.800003051758 0
514783398.452327 2016.312 41.570814 -88.557713 212.357776742839 212.14957674283 NA -33.0814511030357 2375.06951327844 127 74282600051 74282600050211 167.800003051758 0
514783398.501595 2016.312 41.573688 -88.5587 212.800419717507 212.327819717514 NA -33.0829487221241 2143.99589152088 132.5 74282600051 74282600050241 167.800003051758 0
514783398.55085 2016.312 41.576561 -88.559688 195.648961946546 193.634861946546 NA -33.0844458201203 1894.72844404202 132.5 74282600051 74282600050251 167.800003051758 0
514783398.600105 2016.312 41.579435 -88.560675 206.150404921243 206.903604921235 NA -33.0859434392088 1642.89199934155 127 74282600051 74282600050271 167.800003051758 0
514783398.649373 2016.312 41.582309 -88.561663 196.22874789591 194.082647895912 NA -33.0874410582972 1369.0968854017 127 74282600051 74282600050281 167.800003051758 0
514783398.698628 2016.312 41.585182 -88.56265 195.266190124957 199.817090124959 205.265152431018 -33.0889381562934 1096.41119128201 127 74282600051 74282600050281 167.800003051758 0
514783398.747896 2016.312 41.588057 -88.563638 194.200233845282 193.979833845277 NA -33.0904362964741 832.390775833589 129 74282600051 74282600050291 167.800003051758 0
514783398.797151 2016.312 41.59093 -88.564626 186.561976074322 194.098476074309 NA -33.0919333944703 588.642299742186 122 74282600051 74282600050301 167.850006103516 0
514783398.846418 2016.312 41.593804 -88.565613 182.295619049017 186.233619049012 NA -33.0934310135587 313.943381469107 116 74282600051 74282600050311 167.900009155273 0
514783398.895673 2016.312 41.596678 -88.566601 221.45126202369 178.473762023696 NA -33.0949286326471 71.9981522191531 101 74282600051 74282600050321 168 0
514783398.94494 2016.312 41.599552 -88.567589 173.03600499837 177.195804998379 NA -33.0964262517355 168.292603113922 108 74282600051 74282600050331 168 0
514783398.994195 2016.312 41.602425 -88.568577 171.036147227406 170.547647227414 NA -33.0979233497317 411.068425912438 96 74282600051 74282600050341 168 0
514783399.043476 2016.312 41.6053 -88.569566 169.518008598463 166.764808598471 NA -33.09864775096 655.754687550794 83.5 74282600051 74282600050361 168 0
514783399.09273 2016.312 41.608173 -88.570554 167.10961136005 166.947711360059 NA -33.0992682905924 771.802435840634 120 74282600051 74282600050391 170.600006103516 0
514783399.141998 2016.312 41.611048 -88.571542 167.110114680476 166.880314680475 NA -33.0998892622052 862.093674123557 114 74282600051 74282600050401 170.600006103516 0
514783399.191252 2016.312 41.613921 -88.57253 166.832617442067 185.164817442057 NA -33.1005098018376 998.832189769906 94 74282600051 74282600050411 170.600006103516 0
514783399.240519 2016.312 41.616795 -88.573519 166.565120483075 185.214020483075 NA -33.1011305574602 1151.79937211463 97.5 74282600051 74282600050421 170.600006103516 0
514783399.289787 2016.312 41.619669 -88.574507 165.207223524067 165.366123524062 NA -33.1017513130828 1359.20181861291 97.5 74282600051 74282600050421 170.600006103516 0
514783399.339041 2016.312 41.622542 -88.575496 163.842726285643 163.592726285643 NA -33.1023718527153 1590.11582957468 87 74282600061 74282600060011 170.600006103516 0
514783399.388308 2016.312 41.625417 -88.576484 162.276929606078 162.167029606082 NA -33.102992824328 1842.32855714453 87 74282600061 74282600060011 170.600006103516 0
514783399.437562 2016.312 41.62829 -88.577473 162.653132367664 197.026432367671 NA -33.1036133639605 2116.00962461485 87 74282600061 74282600060011 170.600006103516 0
514783399.48683 2016.312 41.631164 -88.578462 197.014535408668 196.588635408666 NA -33.1042341195831 2392.29610825721 84 74282600061 74282600060021 170.600006103516 0
514783399.536109 2016.312 41.634039 -88.579451 161.980138729095 174.444438729087 NA -33.1048550911958 2677.37919042568 84 74282600061 74282600060021 170.600006103516 0
514783399.585364 2016.312 41.636912 -88.58044 178.488041490665 180.283641490662 NA -33.1054756308283 2971.64286876748 84 74282600061 74282600060021 170.600006103516 0
514783419.589364 2016.312 42.803288 -88.987883 246.816892027866 246.763992027871 224.371078146395 -34.0104339613576 3339.61221524793 372 74287200333 74287200330083 235.100006103516 0
514783419.638657 2016.312 42.80616 -88.988902 246.750169817096 246.521969817099 231.123570259998 -34.0159386526648 3010.19202556603 372 74287200333 74287200330083 235.100006103516 0
514783419.687925 2016.312 42.809032 -88.989921 246.666347606315 246.448447606311 230.482382069856 -34.021443343972 2680.9309702525 372 74287200333 74287200330083 235.100006103516 0
514783419.737218 2016.312 42.811904 -88.99094 246.785925395502 246.5524253955 228.813039577366 -34.0269480352792 2351.89543017091 372 74287200333 74287200330083 235.100006103516 0
514783419.786499 2016.312 42.814776 -88.991958 244.114203184722 243.902703184732 226.721116628075 -34.0324527265864 2023.22323373288 372 74287200333 74287200330083 235.100006103516 0
514783419.835779 2016.312 42.817648 -88.992977 243.890780973945 243.763480973938 226.026148749925 -34.0379574178936 1695.05346062457 372 74287200333 74287200330083 235.100006103516 0
514783419.885072 2016.312 42.820521 -88.993997 243.940160844577 243.722460844569 224.321492273763 -34.043464025876 1367.65960963978 372 74287200333 74287200330083 235.100006103516 0
514783419.93434 2016.312 42.823392 -88.995016 243.950836552385 243.867536552386 224.38657774061 -34.0489668005079 1042.26596963767 372 74287200333 74287200330083 235.100006103516 0
514783419.983633 2016.312 42.826264 -88.996035 241.205914341605 241.171914341606 NA -34.0544714918151 720.929614677931 372 74287200333 74287200330083 235.100006103516 0
514783420.032926 2016.312 42.829137 -88.997054 236.696999256959 236.521299256967 NA -34.0597148485628 413.481789184866 372 74287200333 74287200330083 235.100006103516 0
514783420.082194 2016.312 42.832008 -88.998073 236.517684075517 236.372084075513 214.595812959186 -34.0648237752038 92.1519410005154 603 74287200333 74287200330093 235.100006103516 94
514783420.131487 2016.312 42.834881 -88.999093 236.262072645204 236.424072645216 NA -34.0699362608323 238.039171080017 603 74287200333 74287200330093 235.100006103516 94
514783420.18078 2016.312 42.837753 -89.000113 234.868359339345 234.415359339351 NA -34.075046966967 503.065346075891 930 74287200333 74287200330113 235.100006103516 92
514783420.230047 2016.312 42.840625 -89.001132 232.366246033459 232.198046033459 NA -34.0801576731017 742.29885772748 1163 74287200333 74287200330123 235.100006103516 2
514783420.27934 2016.312 42.843497 -89.002152 231.709332727583 231.625132727586 NA -34.0852683792364 950.621630443557 1566 74287200333 74287200330143 235.100006103516 0
514783420.328632 2016.312 42.84637 -89.003172 236.290121297301 236.186121297294 NA -34.0903808648649 1153.25422308593 3175 74287200333 74287200330163 235.100006103516 94
514783420.377925 2016.312 42.849242 -89.004192 236.297807991414 236.405307991413 NA -34.0954915709996 1329.49100903741 3796 74287200333 74287200330183 235.100006103516 95
514783420.427192 2016.312 42.852113 -89.005212 236.263992809956 236.244092809942 NA -34.1006004976405 1348.77481766046 6901 74287200333 74287200330243 235.100006103516 94
514783420.476485 2016.312 42.854986 -89.006232 236.383381379658 236.333281379665 NA -34.105712983269 1302.91053398856 7294 74287200333 74287200330253 235.100006103516 96
514783420.525778 2016.312 42.857858 -89.007252 236.410268073796 236.408468073798 NA -34.1108236894037 1317.70302206378 7294 74287200333 74287200330253 235.100006103516 94
514783420.575058 2016.312 42.86073 -89.008272 236.250154767915 236.101854767914 NA -34.1159343955384 1371.3619513126 4458.5 74287200333 74287200330263 235.100006103516 92
514783420.624337 2016.312 42.863602 -89.009292 236.453541462025 236.620041462032 NA -34.1210451016731 1495.384233108 4458.5 74287200333 74287200330263 235.100006103516 93
514783420.673617 2016.312 42.866474 -89.010312 236.408228156153 236.58462815615 NA -34.1261558078078 1676.1779707032 4458.5 74287200333 74287200330263 235.100006103516 93
514783420.72291 2016.312 42.869346 -89.011333 236.450314850286 242.181814850295 NA -34.1312665139425 1897.65445593868 4458.5 74287200333 74287200330263 235.100006103516 93
514783420.77219 2016.312 42.872218 -89.012353 236.355201544406 236.591301544415 NA -34.1363772200772 2147.14102435118 4458.5 74287200333 74287200330263 235.100006103516 91
514783420.82147 2016.312 42.87509 -89.013374 231.900488238516 247.679088238521 NA -34.1414879262119 2416.08794746068 4458.5 74287200333 74287200330263 235.100006103516 0
514783420.87075 2016.312 42.877961 -89.014394 232.540673057042 232.678773057053 NA -34.1465968528529 2684.02088797925 4476 74287200333 74287200330273 235.100006103516 0
514783420.92003 2016.312 42.880833 -89.015415 234.224259751173 234.87555975117 NA -34.1517075589876 2964.59882394416 4476 74287200333 74287200330273 235.100006103516 0
514783420.969323 2016.312 42.883706 -89.016436 234.290848320885 234.638148320879 NA -34.156820044616 3254.5559290198 4476 74287200333 74287200330273 235.100006103516 0
514783421.018601 2016.312 42.886577 -89.017456 242.696861243816 247.750961243825 NA -34.1613337932455 3547.97092431472 4351 74287200333 74287200330283 235.100006103516 0
514783421.067894 2016.312 42.88945 -89.018478 246.054204005362 248.560204005356 NA -34.1648688375206 3842.8912428209 4351 74287200333 74287200330283 235.100006103516 0
514783421.117162 2016.312 42.892321 -89.019498 245.619244439868 248.716144439872 NA -34.1684014209226 4138.67690515656 4126 74287200333 74287200330293 235.100006103516 0
514783421.166455 2016.312 42.895193 -89.020519 246.485986037882 249.009786037892 NA -34.1719352347611 4436.92406005246 4126 74287200333 74287200330293 235.100006103516 0
514783421.215748 2016.312 42.898066 -89.021541 247.412728799436 249.361428799429 NA -34.1754702790363 4739.52602185676 4126 74287200333 74287200330293 235.100006103516 0
514783421.265029 2016.312 42.900937 -89.022562 247.233269233941 249.286169233936 NA -34.1790028624382 5045.35832858385 4126 74287200333 74287200330293 235.100006103516 0
514783421.314309 2016.312 42.903809 -89.023583 249.496910831962 249.439310831962 NA -34.1825366762768 5354.14440353685 4126 74287200333 74287200330293 235.100006103516 0
514783421.36359 2016.312 42.906681 -89.024604 243.70145242997 243.482652429968 NA -34.1860704901153 5665.32724224303 4126 74287200333 74287200330293 235.100006103516 0
514783421.412858 2016.312 42.909552 -89.025625 243.622592864495 243.449792864494 NA -34.1896030735173 5978.43867736014 4126 74287200333 74287200330293 235.100006103516 0
514783421.462138 2016.312 42.912423 -89.026647 243.594033299008 243.509733299005 NA -34.1931356569193 6293.31129069144 4126 74287200333 74287200330293 235.100006103516 0
514783421.511418 2016.312 42.915295 -89.027668 241.291074897023 241.249774897026 NA -34.1966694707578 6609.70821569545 4126 74287200333 74287200330293 235.100006103516 0
514783421.560698 2016.312 42.918167 -89.02869 241.241416495065 241.15431649506 NA -34.2002032845964 6926.6118996853 4093 74287200333 74287200330303 235.100006103516 0
514783447.637407 2016.312 44.436651 -89.580238 324.153918709093 324.750718709092 NA -35.6812327782647 3132.00105260446 180 74287400301 74287400300161 315.5 0
514783447.686713 2016.312 44.43952 -89.581302 324.905343360638 325.103343360642 NA -35.6810651475314 2808.39445032864 180 74287400301 74287400300161 315.5 0
514783447.736031 2016.312 44.44239 -89.582367 324.970168020839 324.843168020831 NA -35.6808974583698 2486.36488362255 180 74287400301 74287400300161 315.5 0
514783447.785336 2016.312 44.445259 -89.583431 319.972292672417 325.011992672411 NA -35.6807298276366 2166.89396738384 180 74287400301 74287400300161 315.5 0
514783447.834642 2016.312 44.448128 -89.584496 324.589917323981 325.304117323983 NA -35.6805621969033 1851.04322898325 189 74287400301 74287400300171 315.5 0
514783447.883947 2016.312 44.450997 -89.58556 325.470541975566 325.485841975565 NA -35.68039456617 1530.1935936171 189 74287400301 74287400300171 315.5 0
514783447.933253 2016.312 44.453866 -89.586625 317.773566627132 317.753566627128 NA -35.6802269354367 1214.27990243382 189 74287400301 74287400300171 315.5 0
514783447.982558 2016.312 44.456735 -89.58769 317.254891278727 317.723991278714 NA -35.6800593047035 908.472256583281 189 74287400301 74287400300171 315.5 0
514783448.031864 2016.312 44.459604 -89.588755 315.149649263578 315.190549263571 NA -35.6791811263684 597.544175974714 185 74287400301 74287400300181 315.5 0
514783448.08117 2016.312 44.462473 -89.58982 314.753432778798 314.606532778805 NA -35.6779139481327 279.999115092655 210 74287400301 74287400300191 315.5 0
514783448.130488 2016.312 44.465343 -89.590885 314.893415835154 314.656915835155 NA -35.6766463282176 55.4999078470734 210 74287400301 74287400300191 315.5 92
514783448.179793 2016.312 44.468212 -89.591951 315.094199350368 314.986499350375 NA -35.6753791499819 352.277053901352 203 74287400301 74287400300201 315.5 0
514783448.229099 2016.312 44.471081 -89.593016 315.272282865581 315.12828286558 NA -35.6741119717463 662.852504370188 203 74287400301 74287400300201 315.5 0
514783448.278404 2016.312 44.47395 -89.594081 318.596566380811 318.440266380808 NA -35.6728447935106 969.568852075122 229 74287400301 74287400300211 315.5 0
514783448.327709 2016.312 44.476819 -89.595147 322.756849896036 322.34434989603 NA -35.6715776152749 1277.15579618102 214.5 74287400301 74287400300221 315.5 0
514783448.377015 2016.312 44.479688 -89.596212 326.303333411241 326.225233411242 NA -35.6703104370392 1583.36074789341 214.5 74287400301 74287400300221 315.5 0
514783448.426333 2016.312 44.482557 -89.597278 326.804016926467 326.755416926473 NA -35.6690432588035 1446.13692180013 171 74287400391 74287400390051 320.700012207031 0
514783448.475639 2016.312 44.485426 -89.598344 327.143800441691 327.032800441687 NA -35.6677760805678 1264.09914467361 267 74287400391 74287400390061 320.700012207031 0
514783448.524944 2016.312 44.488295 -89.599409 326.944183956907 327.919983956907 NA -35.6665089023321 1117.06294398339 267 74287400391 74287400390061 320.700012207031 0
514783448.57425 2016.312 44.491164 -89.600475 327.518867472126 327.407767472132 NA -35.6652417240964 1019.6344549915 372 74287400391 74287400390071 320.700012207031 0
514783448.623555 2016.312 44.494033 -89.601541 327.445650987335 327.327950987333 NA -35.6639745458608 904.853508640496 381 74287400391 74287400390091 320.700012207031 11
514783448.672873 2016.312 44.496903 -89.602608 327.562834043686 327.436634043687 NA -35.6627069259457 818.001030804848 190 74287400391 74287400390101 320.700012207031 0
514783448.72218 2016.312 44.499772 -89.603674 327.7008175589 327.607917558897 NA -35.66143974771 823.021920091766 223 74287400391 74287400390111 320.700012207031 0
514783448.771486 2016.312 44.502641 -89.60474 327.588701074124 327.455601074132 NA -35.6601725694743 882.479063706512 216.5 74287400391 74287400390121 320.700012207031 0
514783448.820779 2016.312 44.505509 -89.605806 327.665285048212 327.448885048207 NA -35.658905832918 1002.49245660921 216.5 74287400391 74287400390121 320.700012207031 0
514783448.870085 2016.312 44.508378 -89.606872 327.809068563411 327.61286856342 313.185181663256 -35.6576386546823 1203.76654448076 216.5 74287400391 74287400390121 320.700012207031 0
514783448.919391 2016.312 44.511247 -89.607939 327.770952078643 327.691652078645 316.080017712795 -35.6563714764466 1433.93818987498 212 74287400391 74287400390131 320.700012207031 0
514783448.968697 2016.312 44.514115 -89.609005 327.723836052734 327.702536052726 320.615350706562 -35.6551047398904 1681.71656780874 287.5 74287400413 74287400410063 327.899993896484 0
514783449.018003 2016.312 44.516984 -89.610072 327.367584341051 327.07948434106 320.897516215331 -35.6524717448096 1498.99960187256 275 74287400413 74287400410073 327.899993896484 0
514783449.06732 2016.312 44.519854 -89.611139 328.61790731988 327.157607319873 325.908416368099 -35.6474601952427 1341.2778067251 402 74287400413 74287400410083 327.899993896484 0
514783449.116625 2016.312 44.522723 -89.612206 328.747832032859 327.148032032862 NA -35.6424503918603 1203.52657091754 449 74287400413 74287400410093 328 0
514783449.165931 2016.312 44.525592 -89.613272 328.728056745844 328.63055674584 NA -35.6374405884779 1083.984373857 482.5 74287400413 74287400410103 328.100006103516 0
514783449.215249 2016.312 44.528461 -89.61434 329.236581458819 329.036281458823 NA -35.6324307850956 996.065070992215 640.5 74287400413 74287400410113 328.100006103516 0
514783449.264554 2016.312 44.53133 -89.615407 329.757306171792 329.690106171787 NA -35.6274209817132 850.243805679708 30 74287400413 74287400410153 329.100006103516 0
514783449.31386 2016.312 44.534199 -89.616474 330.064130884792 329.912930884785 NA -35.6224111783308 652.439765519091 30 74287400413 74287400410153 329.100006103516 7
514783449.363178 2016.312 44.537068 -89.617541 330.746955597752 330.711555597759 NA -35.6174013749484 512.846220961009 2184 74287400413 74287400410163 329.100006103516 96
514783449.412483 2016.312 44.539937 -89.618609 330.713680310736 330.535980310736 NA -35.6123915715661 387.632030525542 2288 74287400413 74287400410183 329.100006103516 0
514783449.461776 2016.312 44.542805 -89.619676 330.533206757878 330.430906757879 320.488570659805 -35.6073835143682 205.955723017541 2222 74287400413 74287400410203 329.100006103516 0
514783449.511094 2016.312 44.545675 -89.620743 330.553729736706 330.544329736696 323.229212193595 -35.6023719648013 39.4167800203429 1427.5 74287400413 74287400410213 329.200012207031 96
514783449.5604 2016.312 44.548543 -89.621811 330.517756183828 330.441356183823 NA -35.5973639076035 311.046121305618 1485 74287400413 74287400410223 329.200012207031 95
514783449.609718 2016.312 44.551413 -89.622879 330.596479162655 330.396379162654 NA -35.5923523580366 595.683385021425 1484 74287400413 74287400410233 329.200012207031 0
514783449.65901 2016.312 44.554281 -89.623946 330.546805609796 330.405005609799 NA -35.5873443008387 850.642701634368 1420 74287400413 74287400410263 329.200012207031 0
514783449.708316 2016.312 44.55715 -89.625014 330.618230322762 330.419130322749 NA -35.5823344974563 793.417272531286 1065 74287400423 74287400420013 329.200012207031 0
514783449.757634 2016.312 44.560019 -89.626082 330.56605503575 330.381055035753 NA -35.577324694074 705.881624333511 1479 74287400423 74287400420033 330.200012207031 0
514783449.806939 2016.312 44.562888 -89.62715 330.556479748725 330.445279748725 NA -35.5723148906916 703.314500034098 1479 74287400423 74287400420033 330.200012207031 76
514783449.856257 2016.312 44.565757 -89.628218 330.6232044617 330.456504461698 NA -35.5673050873092 841.982548520722 1479 74287400423 74287400420033 330.200012207031 95
514783449.90555 2016.312 44.568625 -89.629286 330.557930908842 330.439830908835 NA -35.5622970301114 1018.94816404137 1420.5 74287400423 74287400420043 330.200012207031 5
514783449.954856 2016.312 44.571494 -89.630355 330.614355621823 330.431755621823 NA -35.557287226729 1224.78852864299 1208 74287400423 74287400420053 330.200012207031 0
514783450.004161 2016.312 44.574363 -89.631423 339.423282485398 339.220382485408 NA -35.5519758301822 1445.94437498358 884 74287400423 74287400420063 330.200012207031 0
514783450.053455 2016.312 44.577231 -89.632491 330.327879047788 339.339079047782 NA -35.54339352011 1629.80586327567 575 74287400431 74287400430021 330.200012207031 0
514783450.102773 2016.312 44.5801 -89.63356 330.182172645242 330.125072645236 NA -35.5348082176006 1699.29916994193 883.5 74287400431 74287400430061 330.200012207031 0
514783450.152066 2016.312 44.582968 -89.634628 330.464269207634 330.244769207642 NA -35.5262259075283 1519.90830063124 216 74287400431 74287400430211 330.700012207031 0
514783450.201384 2016.312 44.585837 -89.635697 330.503062805091 330.441562805095 NA -35.5176406050189 1208.39787585884 216 74287400431 74287400430211 330.700012207031 0
514783450.250677 2016.312 44.588705 -89.636765 331.785459367484 330.493059367478 NA -35.5090582949467 893.015076064593 237 74287400431 74287400430221 330.700012207031 0
514783450.299983 2016.312 44.591574 -89.637834 331.484052964934 330.606352964937 NA -35.5004729924373 583.145262444795 237 74287400431 74287400430221 330.700012207031 0
514783450.349289 2016.312 44.594443 -89.638903 330.822646562384 330.705846562381 NA -35.4918876899278 283.980088079756 233 74287400431 74287400430231 330.700012207031 0
514783450.398608 2016.312 44.597312 -89.639972 330.704240159854 330.484740159848 NA -35.4833023874184 80.8294454963044 233 74287400431 74287400430231 330.700012207031 88
514783450.447901 2016.312 44.60018 -89.641041 330.662836722248 330.537836722248 NA -35.4747200773462 292.113088174141 223 74287400431 74287400430241 330.700012207031 0
514783450.49722 2016.312 44.603049 -89.642111 330.746230319699 330.497330319707 NA -35.4661347748367 531.045564698926 225 74287400431 74287400430281 330.700012207031 0
514783450.546513 2016.312 44.605917 -89.64318 330.882326882084 330.662726882087 NA -35.4575524647645 543.894179768851 213 74287400431 74287400430301 330.700012207031 0
514783450.595832 2016.312 44.608787 -89.644249 331.720817514595 332.143217514605 NA -35.4489641698178 481.285429695166 223 74287400431 74287400430321 330.700012207031 0
514783450.645124 2016.312 44.611655 -89.645318 330.987314077003 330.828514077013 NA -35.4403818597456 421.411674825428 185 74287400431 74287400430341 330.700012207031 0
514783450.694443 2016.312 44.614524 -89.646388 331.034207674452 330.849307674444 NA -35.4317965572362 375.71173776059 179.5 74287400431 74287400430351 330.700012207031 0
514783450.743735 2016.312 44.617392 -89.647457 336.167904236853 336.077804236852 NA -35.423214247164 380.20514552514 156 74287400431 74287400430361 330.700012207031 0
514783450.793053 2016.312 44.620261 -89.648527 336.191697834296 336.007797834307 NA -35.4146289446545 426.445887098881 168 74287400431 74287400430381 330.700012207031 0
514783450.842371 2016.312 44.62313 -89.649597 330.774391431757 330.615291431767 NA -35.4060436421451 530.01841415112 169 74287400431 74287400430391 330.700012207031 0
514783450.891664 2016.312 44.625998 -89.650667 330.869687994154 330.694187994156 NA -35.3974613320729 640.134362244036 178 74287400431 74287400430401 330.700012207031 0
514783450.940982 2016.312 44.628867 -89.651737 332.07238159161 332.091581591605 NA -35.3888760295634 832.202003093576 166 74287400431 74287400430411 330.700012207031 0
514783450.990275 2016.312 44.631735 -89.652807 332.985678154006 332.937278154007 NA -35.3802937194912 1012.01807932051 190 74287400431 74287400430421 330.700012207031 0
514783451.039594 2016.312 44.634605 -89.653877 332.954934788674 332.855034788673 NA -35.3706991457105 1243.65674150954 258 74287400431 74287400430431 330.700012207031 0
514783451.088912 2016.312 44.637474 -89.654948 333.120540825414 333.03834082541 NA -35.3608607989412 1439.96812823408 152 74287400431 74287400430471 330.800018310547 0
514783451.138205 2016.312 44.640342 -89.656018 332.926650275869 332.710450275874 NA -35.3510258813621 1485.80696022739 161 74287400431 74287400430511 330.800018310547 0
514783451.18751 2016.312 44.64321 -89.657088 332.847159726345 332.620359726341 NA -35.3411909637829 1452.3851618976 207 74287400431 74287400430561 330.800018310547 0
514783451.236829 2016.312 44.646079 -89.658159 332.820865763108 332.656765763113 NA -35.3313526170136 1351.4908347851 196 74287400431 74287400430571 330.800018310547 0
514783451.286121 2016.312 44.648947 -89.659229 333.108275213577 332.893675213571 NA -35.3215176994345 1289.62771230288 196 74287400431 74287400430571 330.800018310547 0
514783451.335439 2016.312 44.651816 -89.6603 333.261181250325 332.990681250326 NA -35.3116793526651 1277.42573288722 204.5 74287400431 74287400430581 330.800018310547 0
514783451.384745 2016.312 44.654685 -89.66137 333.846687287072 333.675587287065 NA -35.3018410058958 1255.24276588243 108 74287400431 74287400430601 330.800018310547 0
514783451.434037 2016.312 44.657552 -89.662441 335.23790015126 335.166500151259 NA -35.2920095175069 1145.86975076799 2259 74287400453 74287400450523 337.700012207031 0
514783451.483356 2016.312 44.660422 -89.663512 335.197902774306 335.143202774298 NA -35.2821677415473 832.26900449687 2259 74287400453 74287400450523 337.700012207031 92
514783451.532674 2016.312 44.663291 -89.664583 338.075208811045 337.855708811053 NA -35.272329394778 524.753502538867 2163 74287400453 74287400450513 337.899993896484 96
514783451.581967 2016.312 44.666159 -89.665654 337.656718261514 337.335218261508 NA -35.2624944771989 217.261643431657 2163 74287400453 74287400450513 337.899993896484 95
514783451.631285 2016.312 44.669028 -89.666725 337.687424298263 337.404324298263 NA -35.2526561304296 94.7763630725225 3134 74287400453 74287400450503 337.899993896484 96
514783451.68059 2016.312 44.671896 -89.667797 338.976733748735 338.857533748734 NA -35.2428212128504 139.357131638972 2115 74287400453 74287400450483 337.899993896484 96
514783451.729896 2016.312 44.674765 -89.668868 339.126439785476 339.052139785483 NA -35.2329828660811 57.6827799806042 1437 74287400453 74287400450463 337.899993896484 96
514783451.779189 2016.312 44.677632 -89.669939 339.034152649662 339.065952649659 NA -35.2231513776922 102.285896723087 1513.5 74287400453 74287400450443 337.899993896484 97
514783451.828508 2016.312 44.680501 -89.671011 338.496958686432 338.558558686432 NA -35.2133130309229 131.882684513814 1637 74287400453 74287400450433 337.899993896484 96
514783451.877826 2016.312 44.683371 -89.672083 338.472261309448 338.573961309447 NA -35.2034712549633 116.342598848014 1510.5 74287400453 74287400450413 337.899993896484 97
514783451.927133 2016.312 44.686239 -89.673154 338.311070759913 338.970470759917 NA -35.1936363373842 233.186219076716 1257 74287400453 74287400450403 337.899993896484 95
514783451.976439 2016.312 44.689107 -89.674226 338.948780210388 338.875880210389 NA -35.1838014198051 339.057241521369 1458 74287400453 74287400450383 337.899993896484 96
514783452.025757 2016.312 44.691977 -89.675298 339.081570672456 338.958770672458 339.51248149195 -35.1741887097329 476.661793065438 1608 74287400453 74287400450373 337.899993896484 96
514783452.075075 2016.312 44.694846 -89.67637 339.053936222353 338.838536222352 340.674364508242 -35.1647887819301 520.983605140928 1080 74287400453 74287400450333 337.899993896484 94
514783452.124381 2016.312 44.697714 -89.677442 339.108005060672 338.880105060674 343.282022929477 -35.155392130505 380.851845681262 790.5 74287400453 74287400450313 337.899993896484 0
514783452.173673 2016.312 44.700582 -89.678514 339.088973898982 338.885773898993 341.480965261807 -35.14599547908 265.358339746136 768 74287400453 74287400450303 337.899993896484 88
514783452.222979 2016.312 44.70345 -89.679586 339.176042737311 338.947342737304 349.278105301917 -35.136598827655 119.877626658532 621 74287400453 74287400450283 337.899993896484 94
514783452.272297 2016.312 44.706319 -89.680658 339.112308287211 338.932708287208 348.684191840881 -35.1271988998522 98.4725397791042 538 74287400453 74287400450273 337.899993896484 92
514783452.321615 2016.312 44.709188 -89.681731 338.978773837113 338.98597383712 348.401800748185 -35.1177989720494 324.57871089596 1368 74287400453 74287400450233 337.899993896484 96
514783452.370933 2016.312 44.712057 -89.682804 338.264139387019 337.833839387026 352.203172866357 -35.1083990442466 117.87541907538 745 74287400453 74287400450223 337.899993896484 95
514783452.420226 2016.312 44.714925 -89.683876 339.01360822532 339.026008225327 350.349642132416 -35.0990023928215 206.903967653605 864 74287400453 74287400450213 337.899993896484 96
514783452.469531 2016.312 44.717793 -89.684948 341.975977063635 341.834077063632 NA -35.0896057413965 468.643261068609 865 74287400453 74287400450203 337.899993896484 0
514783452.518837 2016.312 44.720661 -89.686021 342.066945901945 341.861345901944 NA -35.0802090899715 745.064228132232 878 74287400453 74287400450193 337.899993896484 0
514783452.568142 2016.312 44.72353 -89.687094 338.764111451853 338.692211451858 NA -35.0708091621687 1040.4107191166 811 74287400453 74287400450183 337.899993896484 0
514783452.617448 2016.312 44.726398 -89.688167 348.223180290171 348.139780290168 NA -35.0614125107436 1331.62593728683 811 74287400453 74287400450183 337.899993896484 0
514783452.666753 2016.312 44.729266 -89.68924 345.689349128477 351.420349128477 NA -35.0520158593186 1637.62178979229 811 74287400453 74287400450183 337.899993896484 0
514783452.716058 2016.312 44.732134 -89.690312 343.385117966789 345.096017966794 NA -35.0426192078936 1951.45915619137 811 74287400453 74287400450183 337.899993896484 0
514783452.765364 2016.312 44.735003 -89.691386 348.993583516689 348.913083516693 NA -35.0332192800908 2109.6710747216 1122 74287400513 74287400510013 337.899993896484 0
514783452.814669 2016.312 44.737871 -89.692459 348.982452354996 348.855752354988 NA -35.0238226286657 1989.83933762003 959 74287400513 74287400510083 337.899993896484 0
514783452.863975 2016.312 44.740739 -89.693532 347.351921193307 347.241421193312 NA -35.0144259772407 1805.4890844291 761.5 74287400513 74287400510093 337.899993896484 0
514783452.913267 2016.312 44.743607 -89.694605 338.184290031632 338.085390031634 NA -35.0050293258157 1642.44097708703 1108 74287400513 74287400510113 337.899993896484 0
514783452.962573 2016.312 44.746475 -89.695678 349.019658869953 348.964258869956 NA -34.9956326743906 1473.30839272521 1108 74287400513 74287400510113 337.899993896484 0
514783453.011878 2016.312 44.749343 -89.696752 348.862377876922 348.004477876919 NA -34.9860410520887 1364.27891996083 1108 74287400513 74287400510113 337.899993896484 0
514783453.061185 2016.312 44.752211 -89.697826 349.065924839267 348.978024839268 NA -34.9758351727695 1286.4434228986 915 74287400521 74287400520011 337.899993896484 0
514783453.11049 2016.312 44.755079 -89.698899 348.396571801609 348.192571801612 NA -34.9656292934502 1231.41139403562 348 74287400521 74287400520061 338.600006103516 0
514783453.159796 2016.312 44.757948 -89.699973 348.841215258722 348.311215258723 NA -34.9554198555957 1071.86121211814 348 74287400521 74287400520061 338.600006103516 0
514783453.209101 2016.312 44.760816 -89.701047 348.850562221084 348.654962221077 NA -34.9452139762764 985.002204876317 255.5 74287400521 74287400520071 338.600006103516 0
514783453.258406 2016.312 44.763684 -89.702121 348.64920918342 348.336209183411 NA -34.9350080969572 961.997219080218 255.5 74287400521 74287400520071 338.600006103516 0
514783453.307712 2016.312 44.766552 -89.703195 337.28445614578 337.403056145782 NA -34.924802217638 1046.46575572697 122 74287400521 74287400520251 339.200012207031 0
514783453.357018 2016.312 44.76942 -89.704269 350.576603108128 350.529403108127 NA -34.9145963383187 840.000119615449 122 74287400521 74287400520251 339.200012207031 0
514783453.406324 2016.312 44.772288 -89.705343 338.170750070487 345.393450070485 NA -34.9043904589995 658.400216712781 115 74287400521 74287400520261 339.200012207031 0
514783453.45563 2016.312 44.775157 -89.706417 347.302193527581 347.190993527581 NA -34.8941810211449 531.842461205307 261 74287400521 74287400520271 339.200012207031 0
514783453.504936 2016.312 44.778025 -89.707492 347.225640489951 347.118540489943 NA -34.8839751418257 445.902728253388 214 74287400521 74287400520311 339.200012207031 0
514783453.554242 2016.312 44.780893 -89.708566 339.118287452285 338.938987452281 NA -34.8737692625064 119.269081263105 218 74287400521 74287400520321 339.200012207031 8
514783453.603548 2016.312 44.783761 -89.709641 339.205434414645 338.973334414652 NA -34.8635633831872 210.994362751399 218 74287400521 74287400520321 339.200012207031 0
514783453.652854 2016.312 44.786629 -89.710715 339.562081377001 339.169681377004 NA -34.853357503868 540.935204048425 218 74287400521 74287400520321 339.200012207031 0
514783453.70216 2016.312 44.789497 -89.71179 344.909928339346 344.816428339343 NA -34.8431516245487 861.388074461106 233.5 74287400521 74287400520351 339.200012207031 0
514783453.751465 2016.312 44.792365 -89.712865 344.394175301708 343.822575301713 NA -34.8329457452295 1106.71081119946 261 74287400521 74287400520361 339.350006103516 0
514783453.80077 2016.312 44.795233 -89.71394 345.234022264066 346.029522264059 NA -34.8227398659103 1360.81604229228 360 74287400521 74287400520371 339.550003051758 0
514783453.850088 2016.312 44.798102 -89.715015 346.086165721165 345.972665721159 NA -34.8125304280557 1631.95570978531 360 74287400521 74287400520371 339.550003051758 0
514783453.899394 2016.312 44.80097 -89.71609 346.123612683508 345.904912683511 NA -34.8023245487365 1665.15097111611 186 74287400533 74287400530113 344.5 90
514783453.948712 2016.312 44.803839 -89.717165 346.076256140622 345.950456140628 NA -34.7921151108819 1636.62370731221 177 74287401086 74287401080986 344.5 4
514783453.998018 2016.312 44.806707 -89.718241 346.153503102979 345.939503102986 NA -34.7819092315627 1669.7319074438 177 74287401086 74287401080986 344.5 69
514783454.047322 2016.312 44.809575 -89.719316 346.113091096478 345.99119109648 NA -34.7690384249072 1764.93790115205 177 74287401086 74287401080986 344.5 0
514783454.096627 2016.312 44.812443 -89.720391 346.204559663395 346.12845966339 NA -34.7560562972769 1913.0574226864 177 74287401086 74287401080986 344.5 0
514783454.145933 2016.312 44.815311 -89.721467 352.417428230301 352.508028230297 370.73395458169 -34.7430741696465 2103.01100221779 177 74287401086 74287401080986 344.5 0
514783454.195238 2016.312 44.818179 -89.722542 353.744596797209 353.997496797201 NA -34.7300920420162 2324.43721744041 177 74287401086 74287401080986 344.5 0
514783454.244556 2016.312 44.821048 -89.723618 357.420760820388 356.039060820375 NA -34.7171053878421 2436.15773804087 123 74287400541 74287400540101 344.5 0
514783454.293875 2016.312 44.823917 -89.724694 357.551224843551 357.495324843544 368.275650177858 -34.704118733668 2519.61427149139 123 74287400541 74287400540101 344.5 0
514783454.34318 2016.312 44.826785 -89.72577 357.643293410467 357.571293410467 348.206887266723 -34.6911366060377 2637.48768019679 137 74287400541 74287400540111 344.5 0
514783454.392485 2016.312 44.829653 -89.726846 357.814061977381 368.677461977383 367.078155355211 -34.6781544784074 2770.41264751927 137 74287400541 74287400540111 344.5 0
514783454.441791 2016.312 44.832521 -89.727922 368.72193054428 368.60213054428 NA -34.665172350777 2934.58939795398 137 74287400541 74287400540111 344.5 0
514783454.491096 2016.312 44.835389 -89.728998 359.974499111209 360.047199111199 357.766005381451 -34.6521902231467 3125.09601373181 137 74287400541 74287400540111 344.5 0
514783464.451866 2016.312 45.41461 -89.94818 468.874515722554 468.806815722555 NA -31.4987793972443 3010.80447725379 60 74287401106 74287401101006 435.300018310547 0
514783464.501185 2016.312 45.417477 -89.949274 468.85366409612 468.864164096109 NA -31.4824600897941 2797.42896891191 60 74287401106 74287401101006 435.300018310547 0
514783464.550503 2016.312 45.420344 -89.950369 471.709712469674 471.629612469667 NA -31.4661407823439 2608.52005741323 60 74287401106 74287401101006 435.300018310547 0
514783464.599821 2016.312 45.423211 -89.951463 471.749460843251 471.682860843245 NA -31.4498214748938 2449.63308191215 60 74287401106 74287401101006 435.300018310547 0
514783464.649126 2016.312 45.426078 -89.952557 454.717409216794 454.723309216797 NA -31.4335021674436 2326.98248652169 60 74287401106 74287401101006 435.300018310547 0
514783464.698445 2016.312 45.428945 -89.953652 447.734657590364 449.066557590369 NA -31.4171828599935 2246.58159422131 60 74287401106 74287401101006 435.300018310547 0
514783464.74775 2016.312 45.431811 -89.954746 446.523311597554 447.028511597554 NA -31.4008692446631 2212.93052214134 60 74287401106 74287401101006 435.300018310547 0
514783464.797068 2016.312 45.434678 -89.955841 439.970559971103 446.716859971117 NA -31.3845499372129 2228.21464579328 60 74287401106 74287401101006 435.300018310547 0
514783464.846374 2016.312 45.437544 -89.956935 437.100413978303 440.245813978297 NA -31.3682363218826 2291.35280997519 60 74287401106 74287401101006 435.300018310547 0
514783464.895692 2016.312 45.440411 -89.95803 440.456562351847 440.353262351845 NA -31.3519170144324 2398.70072267521 60 74287401106 74287401101006 435.300018310547 0
514783464.94501 2016.312 45.443278 -89.959125 437.734610725407 440.314510725404 NA -31.3355977069823 2544.6150035289 60 74287401106 74287401101006 435.300018310547 0
514783464.994328 2016.312 45.446145 -89.96022 438.884059098956 457.218359098958 NA -31.3192783995321 2722.90221567897 60 74287401106 74287401101006 435.300018310547 0
514783465.043647 2016.312 45.449012 -89.961316 438.658406489032 437.972506489035 NA -31.3033596260043 2927.72403003456 60 74287401106 74287401101006 435.300018310547 0
514783475.449567 2016.312 46.05373 -90.194439 478.184714553985 477.960614553993 NA -30.4671154250009 2817.16526394729 45 74287600646 74287600641026 477.300018310547 0
514783475.498886 2016.312 46.056595 -90.195554 478.145200237561 477.990500237562 NA -30.4648024752987 2573.26646524028 45 74287600646 74287600641026 477.300018310547 0
514783475.548216 2016.312 46.059461 -90.196669 478.242685148213 478.034585148209 496.15846190042 -30.4624887182842 2350.44459984577 45 74287600646 74287600641026 477.300018310547 97
514783475.597535 2016.312 46.062326 -90.197784 477.969670831743 478.153770831756 NA -30.460175768582 2155.3628293655 45 74287600646 74287600641026 477.300018310547 99
514783475.646853 2016.312 46.065191 -90.198899 477.8577565153 477.935756515294 NA -30.4578628188797 1996.09833856527 45 74287600646 74287600641026 477.300018310547 97
514783475.696171 2016.312 46.068057 -90.200014 477.752641425948 477.794641425949 NA -30.4555490618653 1881.76593660556 45 74287600646 74287600641026 477.300018310547 98
514783475.745502 2016.312 46.070922 -90.201129 477.71222710951 477.85152710952 NA -30.4532361121631 1820.87000489315 45 74287600646 74287600641026 477.300018310547 75
514783475.79482 2016.312 46.073787 -90.202244 478.118912793062 478.035312793064 NA -30.4509231624608 1818.76486314085 45 74287600646 74287600641026 477.300018310547 98
514783475.844138 2016.312 46.076652 -90.20336 478.187298476597 477.966498476602 NA -30.4486102127586 1875.58090781149 45 74287600646 74287600641026 477.300018310547 0
514783475.893456 2016.312 46.079517 -90.204475 478.140284160166 477.960484160153 NA -30.4462972630564 1986.39753604075 45 74287600646 74287600641026 477.300018310547 0
514783475.942775 2016.312 46.082383 -90.205591 478.232869070818 478.048369070815 NA -30.4439835060419 2142.82044703464 45 74287600646 74287600641026 477.300018310547 95
514783475.992093 2016.312 46.085248 -90.206706 478.186754754371 477.966654754365 NA -30.4416705563397 2335.66815456409 45 74287600646 74287600641026 477.300018310547 95
514783476.04141 2016.312 46.088112 -90.207822 478.137044285695 477.952644285696 NA -30.4402525658019 2556.58439231916 45 74287600646 74287600641026 477.300018310547 0
514783476.090728 2016.312 46.090977 -90.208938 478.248686646818 478.069386646815 NA -30.4390047907593 2799.13371495832 45 74287600646 74287600641026 477.300018310547 0
