time decyear lat lon Hocean Hocog Himth geoid distnode width reachID nodeID wse OCval
582308939.364457 2018.451 42.340713 -89.44636 NA 226.10186228198 NA -33.2979701504056 2977.87384361726 36 74287200626 74287200620996 226.5 0
582308939.415392 2018.451 42.337743 -89.4474 NA 225.902418000653 NA -33.2932840813596 2753.83240541998 36 74287200626 74287200620996 226.5 0
582308939.466328 2018.451 42.334773 -89.44844 NA 225.380173719317 NA -33.2885980123137 2555.80957589669 36 74287200626 74287200620996 226.5 0
582308939.517263 2018.451 42.331803 -89.44948 NA 225.052129437994 NA -33.2839119432678 2390.28094911567 36 74287200626 74287200620996 226.5 0
582308939.568199 2018.451 42.328833 -89.450519 NA 224.352785156657 NA -33.2792258742218 2264.31440849102 36 74287200626 74287200620996 226.5 0
582308939.619134 2018.451 42.325863 -89.451559 NA 224.114540875335 NA -33.2745398051759 2184.90540634495 36 74287200626 74287200620996 226.5 0
582308939.67007 2018.451 42.322893 -89.452598 NA 224.342396594003 NA -33.2698537361299 2157.05221314103 36 74287200626 74287200620996 226.5 0
582308939.721005 2018.451 42.319923 -89.453637 NA 224.540952312677 NA -33.265167667084 2182.80205006058 36 74287200626 74287200620996 226.5 0
582308939.771941 2018.451 42.316953 -89.454677 NA 224.794608031349 NA -33.260481598038 2260.40639946067 36 74287200626 74287200620996 226.5 0
582308939.822876 2018.451 42.313983 -89.455716 NA 225.124163750032 NA -33.2557955289921 2384.65547732647 36 74287200626 74287200620996 226.5 0
582308939.873812 2018.451 42.311013 -89.456755 NA 225.580019468688 NA -33.2511094599461 2548.80725718534 36 74287200626 74287200620996 226.5 0
582308939.924747 2018.451 42.308043 -89.457794 NA 225.427175187363 NA -33.2464233909002 2745.71457480305 36 74287200626 74287200620996 226.5 14
582308939.975683 2018.451 42.305073 -89.458833 NA 225.430330906025 NA -33.2417373218543 2968.86735821912 36 74287200626 74287200620996 226.5 0
582308947.972556 2018.451 41.838679 -89.621002 NA 215.234013243157 NA -32.8914618116986 3247.73207973699 268.5 74287200121 74287200120111 194.5 0
582308948.02349 2018.451 41.835708 -89.622029 NA 219.493587588938 NA -32.8944077397789 3005.11424835355 268.5 74287200121 74287200120111 194.5 0
582308948.074426 2018.451 41.832736 -89.623056 NA 219.250431613952 NA -32.897678544613 2772.54178549839 215 74287200121 74287200120101 194.5 0
582308948.125361 2018.451 41.829765 -89.624082 NA 216.83937448016 NA -32.9009482489072 2555.4981815054 215 74287200121 74287200120101 194.5 0
582308948.176297 2018.451 41.826794 -89.625109 NA 216.650217346357 NA -32.9042179532013 2363.95752207025 212 74287200121 74287200120091 194.5 0
582308948.227232 2018.451 41.823823 -89.626136 NA 209.597560212576 NA -32.9074876574955 2185.34636347493 212 74287200121 74287200120091 194.5 0
582308948.278168 2018.451 41.820851 -89.627162 NA 204.94970423759 NA -32.9107584623297 2041.65752834773 212 74287200121 74287200120081 194.5 0
582308948.329103 2018.451 41.81788 -89.628189 NA 191.794147103797 NA -32.9140281666238 1834.4438157123 279 74287200121 74287200120031 193.5 0
582308948.380039 2018.451 41.814909 -89.629215 NA 197.989189969995 NA -32.917297870918 1599.74531371416 300 74287200121 74287200120021 193.5 0
582308948.430974 2018.451 41.811937 -89.630242 NA 197.56563399504 NA -32.9205686757521 1379.41443130049 317 74287200121 74287200120011 193.5 0
582308948.48191 2018.451 41.808966 -89.631268 NA 197.916876861235 NA -32.9238383800463 1178.02473294724 317 74287200121 74287200120011 193.5 0
582308948.532845 2018.451 41.805995 -89.632294 NA 197.154619727438 NA -32.9271080843405 1048.71929181637 394 74287200111 74287200110541 193.5 0
582308948.583781 2018.451 41.803023 -89.63332 NA 193.014363752479 NA -32.9303788891746 953.735145504617 394 74287200111 74287200110541 193.5 0
582308948.634716 2018.451 41.800052 -89.634346 NA 195.43130661868 NA -32.9336485934688 914.976615102982 377.5 74287200111 74287200110531 193.5 0
582308948.685652 2018.451 41.797081 -89.635372 NA 195.325749484861 NA -32.9369182977629 942.489011384415 443 74287200111 74287200110521 193.5 0
582308948.736587 2018.451 41.794109 -89.636398 NA 195.202293509899 NA -32.9401891025971 1060.78323830897 443 74287200111 74287200110521 193.5 0
582308948.787523 2018.451 41.791138 -89.637424 NA 195.020936376103 NA -32.9434588068912 1220.17940851719 422 74287200111 74287200110511 193.5 0
582308948.838458 2018.451 41.788167 -89.638449 NA 194.073079242309 NA -32.9467285111854 1111.6802781672 1145 74287200111 74287200110311 193.5 0
582308948.889394 2018.451 41.785195 -89.639475 NA 193.948023267329 207.926721311019 -32.9499993160195 814.902411110177 1102 74287200111 74287200110321 193.5 0
582308948.940329 2018.451 41.782224 -89.640501 NA 193.796166133537 201.32269390419 -32.9532690203137 520.839327099198 1102 74287200111 74287200110321 193.5 0
582308948.991265 2018.451 41.779253 -89.641526 NA 191.645408999739 199.243803894282 -32.9565387246079 217.502356898374 1018 74287200111 74287200110331 193.5 95
582308949.042201 2018.451 41.776281 -89.642552 NA 193.61231249272 201.40642292852 -32.9586403853406 125.688424499236 877 74287200111 74287200110341 193.5 96
582308949.093137 2018.451 41.77331 -89.643577 NA 193.262496333429 201.960842570202 -32.9604992337756 459.686979051731 877 74287200111 74287200110341 193.5 0
582308949.144072 2018.451 41.770338 -89.644602 NA 193.515880707266 203.241132057104 -32.9623587078748 799.727043713067 877 74287200111 74287200110341 193.5 0
582308949.195008 2018.451 41.767367 -89.645627 NA 193.193164547982 203.76200647931 -32.9642175563098 1140.30159921009 877 74287200111 74287200110341 193.5 0
582308949.245943 2018.451 41.764395 -89.646652 NA 193.52744892179 205.131683192616 -32.966077030409 1481.18137509628 877 74287200111 74287200110341 193.5 0
582308949.296879 2018.451 41.761424 -89.647678 NA 194.194832762516 205.820065652763 -32.967935878844 1822.0651296743 877 74287200111 74287200110341 193.5 0
582308949.347814 2018.451 41.758453 -89.648702 NA 194.518116603241 206.452593868562 -32.969794727279 2162.94943546084 877 74287200111 74287200110341 193.5 0
582308949.39875 2018.451 41.755481 -89.649727 NA 194.592800977073 206.649609032938 -32.9716542013782 2503.99141262327 877 74287200111 74287200110341 193.5 0
582308949.449685 2018.451 41.75251 -89.650752 NA 194.091284817795 207.013861485617 -32.9735130498132 2844.94438600918 877 74287200111 74287200110341 193.5 0
582308949.500621 2018.451 41.749538 -89.651777 NA 195.017769191602 207.601344257505 -32.9753725239124 3186.01692859422 877 74287200111 74287200110341 193.5 0
582308949.551556 2018.451 41.746567 -89.652802 NA 194.38095303233 207.59436292365 -32.9772313723474 3526.99133389856 877 74287200111 74287200110341 193.5 0
582308949.602492 2018.451 41.743595 -89.653826 NA 194.307937406146 207.661104800189 -32.9790908464466 3868.05796076902 877 74287200111 74287200110341 193.5 0
582308975.223048 2018.451 40.248034 -90.160024 NA 131.616903667304 142.184731193731 -33.1450281639501 3134.36694795227 170 74282300061 74282300060391 269.399993896484 0
582308975.273984 2018.451 40.245059 -90.161012 NA 131.495146740177 142.501262141192 -33.1426138542665 2832.71594404113 189 74282300061 74282300060381 269.399993896484 0
582308975.324919 2018.451 40.242084 -90.162001 NA 131.473789813031 142.7836651135 -33.1401995445829 2531.17382208514 189 74282300061 74282300060381 269.399993896484 0
582308975.375855 2018.451 40.239108 -90.162989 NA 131.765632026452 142.943153821821 -33.1377844233667 2238.93449640774 180.5 74282300061 74282300060371 269.399993896484 0
582308975.42679 2018.451 40.236133 -90.163978 NA 128.751275099305 142.783816860739 -33.1353701136831 1947.86246792884 180.5 74282300061 74282300060371 269.399993896484 0
582308975.477726 2018.451 40.233158 -90.164966 NA 128.661718172179 142.191750305016 -33.1329558039995 1675.69796923819 180.5 74282300061 74282300060371 269.399993896484 0
582308975.528661 2018.451 40.230183 -90.165955 NA 132.317461245034 141.824416432853 -33.1305414943158 1433.33613501767 180.5 74282300061 74282300060371 269.399993896484 0
582308975.579597 2018.451 40.227208 -90.166943 NA 132.182704317887 141.463571521164 -33.1281271846322 1209.90044802883 159 74282300061 74282300060361 269.399993896484 0
582308975.630532 2018.451 40.224233 -90.167931 NA 132.365147390773 141.523175867804 -33.1257128749486 1009.49793894292 169 74282300061 74282300060341 269.399993896484 0
582308975.681468 2018.451 40.221258 -90.168919 NA 132.447190463635 142.067896735739 -33.123298565265 773.681530443716 170 74282300061 74282300060331 269.399993896484 0
582308975.732403 2018.451 40.218283 -90.169907 NA 132.507333536504 142.627522374938 -33.1208842555814 576.695885845172 150 74282300061 74282300060321 269.399993896484 0
582308975.783339 2018.451 40.215308 -90.170895 NA 132.54197660937 143.217498091845 -33.1184699458978 383.077146216887 154.5 74282300061 74282300060311 269.399993896484 7
582308975.834274 2018.451 40.212333 -90.171883 NA 132.529719682234 143.764270385981 -33.1160556362142 248.395905947191 171 74282300061 74282300060291 269.399993896484 0
582308975.88521 2018.451 40.209357 -90.172871 NA 132.382061895633 144.19938411317 -33.1136405149979 128.881586658483 155.5 74282300061 74282300060281 269.399993896484 92
582308975.936146 2018.451 40.206382 -90.173859 NA 132.216404968502 144.451101106554 -33.1112262053143 121.309354474149 156 74282300061 74282300060261 269.399993896484 89
582308975.987081 2018.451 40.203407 -90.174847 NA 132.455048041366 144.651925234571 -33.1088118956307 113.961117807189 154 74282300061 74282300060251 269.399993896484 91
582308976.038015 2018.451 40.200432 -90.175835 NA 132.360828132928 144.794966510088 -33.107534597343 60.00826583095 151.5 74282300061 74282300060231 269.399993896484 92
582308976.088951 2018.451 40.197457 -90.176822 NA 132.348294227221 145.007838537276 -33.1066432993221 84.0394718251071 171 74282300061 74282300060211 269.399993896484 0
582308976.139886 2018.451 40.194482 -90.17781 NA 132.030960321517 145.143690944324 -33.1057520013011 205.348510466664 180 74282300061 74282300060201 269.399993896484 0
582308976.190822 2018.451 40.191507 -90.178797 NA 132.006626415802 145.261034771294 -33.1048607032802 433.860228389241 169 74282300061 74282300060191 269.399993896484 54
582308976.241757 2018.451 40.188532 -90.179785 NA 131.856492510109 145.250628983522 -33.1039694052592 676.399564052589 171 74282300061 74282300060181 269.399993896484 88
582308976.292693 2018.451 40.185556 -90.180772 NA 132.245458256879 145.197011203891 -33.1030778076423 945.559792360069 152 74282300061 74282300060171 269.399993896484 87
582308976.343628 2018.451 40.182581 -90.181759 NA 132.068224351164 145.182005448589 -33.1021865096213 1237.46393059356 152 74282300061 74282300060171 269.399993896484 35
582308976.394564 2018.451 40.179606 -90.182746 NA 131.713990445468 145.270829912474 -33.1012952116004 1447.10891804704 150 74282300061 74282300060091 269.399993896484 82
582308976.445499 2018.451 40.176631 -90.183734 NA 131.580756539732 145.304848465665 -33.1004039135794 1513.2448784102 161 74282300061 74282300060071 269.399993896484 84
582308976.496435 2018.451 40.173656 -90.184721 NA 131.535922634049 145.100231981204 -33.0995126155584 1476.25616374733 150 74282300061 74282300060031 269.399993896484 86
582308976.54737 2018.451 40.17068 -90.185708 NA 131.850488380822 144.754010617655 -33.0986210179415 1412.70518766654 184 74282300061 74282300060011 269.399993896484 87
582308976.598306 2018.451 40.167705 -90.186695 NA 132.119154475113 144.658423463254 -33.0977297199206 1309.11876126959 170 74282300051 74282300050031 130.699996948242 80
582308976.649241 2018.451 40.16473 -90.187681 NA 132.189220569415 144.627647133314 -33.0968384218996 1203.92809455525 150 74282300051 74282300050041 130.699996948242 0
582308976.700177 2018.451 40.161755 -90.188668 NA 132.482086663691 144.875780159685 -33.0959471238787 1126.04060546117 152 74282300051 74282300050051 130.699996948242 1
582308976.751112 2018.451 40.158779 -90.189655 NA 132.180252410465 145.098243801807 -33.0950555262617 1097.75439744098 158.5 74282300051 74282300050061 130.699996948242 0
582308976.802048 2018.451 40.155804 -90.190642 NA 132.09351850477 145.276792876592 -33.0941642282408 1114.41634339733 158 74282300051 74282300050071 130.699996948242 0
582308976.852983 2018.451 40.152829 -90.191628 NA 132.241184599048 145.380631209722 -33.0932729302198 1173.6862122984 171 74282300051 74282300050081 130.699996948242 0
582308976.903919 2018.451 40.149854 -90.192615 NA 131.862450693352 145.471624807731 -33.0923816321989 1265.6085329553 218.5 74282300051 74282300050091 130.699996948242 0
582308976.954854 2018.451 40.146878 -90.193601 NA 131.909216440109 145.553937683651 -33.0914900345819 1399.41907228375 218.5 74282300051 74282300050091 130.699996948242 0
582308977.00579 2018.451 40.143903 -90.194588 NA 131.91923808675 145.549876998285 -33.090635193618 1562.79166269461 212 74282300051 74282300050101 130.699996948242 63
582308977.056726 2018.451 40.140928 -90.195574 NA 131.927393140343 145.571859687802 -33.0900647824152 1766.69646325913 214 74282300051 74282300050111 130.699996948242 0
582308977.107662 2018.451 40.137952 -90.19656 NA 131.973848010757 145.602551384309 -33.0894941794775 1985.19045163908 214 74282300051 74282300050111 130.699996948242 0
582308977.158597 2018.451 40.134977 -90.197547 NA 131.993803064342 145.592193910423 -33.0889237682747 2218.88982531066 195 74282300051 74282300050121 130.699996948242 0
582308977.209533 2018.451 40.132002 -90.198533 NA 131.995358117927 145.618758561955 -33.0883533570719 2466.70105177597 216 74282300051 74282300050131 130.699996948242 0
582308977.260468 2018.451 40.129027 -90.199519 133.658813171488 132.009713171493 145.617515459238 -33.0877829458691 2722.56186299015 216 74282300051 74282300050131 130.699996948242 0
582308977.311404 2018.451 40.126051 -90.200505 NA 131.689868041913 145.606626656427 -33.0872123429315 2983.41130436618 216 74282300051 74282300050141 130.699996948242 0
582308995.342569 2018.451 39.072373 -90.545411 NA 214.265286277579 NA -32.1438851297491 3220.45097563973 270 74282100021 74282100020491 126.5 0
582308995.393505 2018.451 39.069396 -90.546374 NA 214.340581611052 NA -32.1439869789083 3070.49295987205 284 74282100021 74282100020481 126.5 0
582308995.44444 2018.451 39.066418 -90.547336 NA NA NA -32.1440888622795 2945.00776383568 284 74282100021 74282100020481 126.5 0
582308995.495376 2018.451 39.06344 -90.548299 221.131373215413 NA NA -32.1441907456508 2841.82540186274 313 74282100021 74282100020471 126.5 0
582308995.546311 2018.451 39.060463 -90.549262 222.331468548905 NA 236.722138028269 -32.14429259481 2769.17155699598 313 74282100021 74282100020471 126.5 0
582308995.597247 2018.451 39.057485 -90.550224 222.791564351081 NA 227.338544932408 -32.1443944781813 2737.44828104144 313 74282100021 74282100020471 126.5 0
582308996.306705 2018.451 39.016009 -90.563626 NA 127.464962529505 151.675055655063 -32.1348638038384 1016.77625200299 327 74282100021 74282100020201 126.5 0
582308996.35764 2018.451 39.013032 -90.564588 NA 127.677612657798 152.313683748819 -32.1331477335705 1016.24205638353 300 74282100021 74282100020161 126.5 0
582308996.408576 2018.451 39.010054 -90.565549 NA 127.907662231895 NA -32.1314310868598 903.870816004459 313 74282100021 74282100020141 126.5 60
582308996.459511 2018.451 39.007076 -90.566511 NA 127.520811805955 NA -32.1297144401492 770.057777899599 306 74282100021 74282100020131 126.5 80
582308996.510447 2018.451 39.004098 -90.567472 NA 127.676861380044 NA -32.1279977934385 623.562295651289 270 74282100021 74282100020111 127 81
582308996.561382 2018.451 39.001121 -90.568434 NA 127.679511508331 NA -32.1262817231706 470.693871298271 278 74282100021 74282100020091 127.5 62
582308996.612318 2018.451 38.998143 -90.569395 NA 127.911761082402 NA -32.1245650764599 284.837095642878 283 74282100021 74282100020081 126.5 0
582308996.663253 2018.451 38.995165 -90.570357 NA 127.39561065649 NA -32.1228484297492 99.0060393017698 308 74282100021 74282100020061 126.5 93
582308996.714189 2018.451 38.992187 -90.571318 NA 127.335560230575 NA -32.1211317830386 124.150579869158 313.5 74282100021 74282100020051 126.5 75
582308996.765124 2018.451 38.989209 -90.572279 NA 127.344309804653 NA -32.1194151363279 353.079424448522 345 74282100021 74282100020041 126.5 8
582308996.81606 2018.451 38.986231 -90.57324 NA 127.159559378737 NA -32.1176984896172 585.422160157995 366 74282100021 74282100020031 126.5 82
582308996.866995 2018.451 38.983254 -90.574201 NA 127.128109507034 152.526448306076 -32.1159824193493 827.466767034119 366 74282100021 74282100020011 126.5 82
582308996.917931 2018.451 38.980276 -90.575162 NA 127.079359081116 150.149877665684 -32.1142657726386 1081.98809602948 366 74282100021 74282100020011 126.5 53
582308996.968866 2018.451 38.977298 -90.576123 NA 133.004808655196 147.671541218387 -32.112549125928 1353.5588847983 349.5 74282100011 74282100010581 126.5 0
582308997.019802 2018.451 38.97432 -90.577084 NA 132.972406573158 150.097228498298 -32.1099352689643 1641.4065101054 349.5 74282100011 74282100010581 126.5 0
582308997.070738 2018.451 38.971342 -90.578045 NA 129.114165964247 144.41542101216 -32.1059112888053 1940.16698149808 296 74282100011 74282100010571 126.5 0
582308997.121674 2018.451 38.968364 -90.579006 129.698425355341 130.715225355339 148.01081163265 -32.1018873086462 2236.05404764941 254 74282100011 74282100010561 126.5 0
582308997.172609 2018.451 38.965386 -90.579966 NA 132.807584746439 146.503032837684 -32.0978633284871 2523.80839800764 254 74282100011 74282100010551 126.5 0
582308997.223545 2018.451 38.962409 -90.580927 NA 133.124745427173 NA -32.0938406995638 2798.29392803783 296 74282100011 74282100010531 126.5 0
582308997.27448 2018.451 38.959431 -90.581888 NA 133.213604818268 NA -32.0898167194048 3072.62216467902 339 74282100011 74282100010511 126.5 0
582308998.038514 2018.451 38.914762 -90.596289 121.476834060251 121.109634060244 136.709702153107 -32.0282149109754 3845.57097363038 1026 74283000021 74283000020481 130.300003051758 0
582308998.089449 2018.451 38.911784 -90.597248 123.057258063521 123.169458063524 NA -32.0225458771615 3546.88261198191 1055 74283000021 74283000020471 130.300003051758 0
582308998.140385 2018.451 38.908806 -90.598208 123.366882066807 123.914682066807 NA -32.0168768433475 3249.77041803703 1055 74283000021 74283000020471 130.300003051758 0
582308998.19132 2018.451 38.905828 -90.599167 124.680106070104 124.858206070094 NA -32.0112078095336 2962.18089332907 1055 74283000021 74283000020471 130.300003051758 0
582308998.242256 2018.451 38.90285 -90.600127 125.459130073377 125.811530073366 136.634924078177 -32.0055387757196 2676.08091779072 1044 74283000021 74283000020461 130.25 0
582308998.293191 2018.451 38.899872 -90.601086 126.097854076651 126.495554076652 134.424760664401 -31.9998697419057 2400.38603607597 1044 74283000021 74283000020461 130.25 0
582308998.344127 2018.451 38.896894 -90.602045 126.763178079937 127.253878079946 132.21603877155 -31.9942007080917 2118.20702478051 933 74283000021 74283000020441 129.699996948242 0
582308998.395062 2018.451 38.893916 -90.603004 127.231602083227 128.083602083226 130.328687396275 -31.9885316742778 1830.19216886304 954 74283000021 74283000020431 129.199996948242 0
582308998.445998 2018.451 38.890937 -90.603963 NA 129.115424146949 129.243171002799 -31.9828607368259 1542.11300215357 1039 74283000021 74283000020421 129.199996948242 0
582308998.496933 2018.451 38.887959 -90.604923 NA 129.585448150228 128.686180635635 -31.977191703012 1254.20786991425 1060 74283000021 74283000020411 129.199996948242 0
582308998.547868 2018.451 38.884981 -90.605882 NA 128.899872153524 139.838326811092 -31.971522669198 972.171978440142 1063 74283000021 74283000020401 129.199996948242 0
582308998.598804 2018.451 38.882003 -90.60684 NA 129.195696156809 141.196186106463 -31.9658536353841 697.372584383773 1063 74283000021 74283000020401 129.199996948242 92
582308998.64974 2018.451 38.879025 -90.607799 NA 129.287820160081 141.064735201419 -31.9601846015701 380.494566034062 972 74283000021 74283000020381 129.199996948242 69
582308998.700675 2018.451 38.876047 -90.608758 NA 129.112444163367 140.093883236822 -31.9545155677562 87.5660510386262 939 74283000021 74283000020371 129.199996948242 0
582308998.75161 2018.451 38.873069 -90.609717 NA 129.025368166655 139.720920432037 -31.9488465339422 267.685574288575 939 74283000021 74283000020371 129.199996948242 52
582308998.802546 2018.451 38.870091 -90.610676 NA 130.069192169932 139.465893872025 -31.9431775001283 597.42890601889 886 74283000021 74283000020361 129.199996948242 90
582308998.853481 2018.451 38.867113 -90.611634 NA 130.077516173241 138.955675284506 -31.9375084663143 922.544288419485 886 74283000021 74283000020361 129.199996948242 4
582308998.904417 2018.451 38.864135 -90.612593 NA 129.05744017651 138.550823788771 -31.9318394325004 1249.86696095034 771 74283000021 74283000020351 129.199996948242 3
582308998.955353 2018.451 38.861157 -90.613551 NA 129.224864179779 138.130373192429 -31.9261703986864 1575.09206433637 771 74283000021 74283000020351 129.199996948242 3
582308999.006288 2018.451 38.858179 -90.61451 NA 129.764864752256 138.310233126306 -31.9202628692128 1905.85814684187 771 74283000021 74283000020351 129.199996948242 9
582308999.057223 2018.451 38.855201 -90.615468 NA 129.756175739279 138.817909196473 -31.9126585763396 2239.64833405161 771 74283000021 74283000020351 129.199996948242 24
582308999.108158 2018.451 38.852223 -90.616427 NA 130.168086726298 139.22839551202 -31.9050542834664 2570.85555174583 750.5 74283000021 74283000020341 129.199996948242 8
582308999.159094 2018.451 38.849244 -90.617385 NA 130.05179516495 139.720806845433 -31.8974474371034 2903.1351469266 750.5 74283000021 74283000020341 129.199996948242 3
582308999.210029 2018.451 38.846266 -90.618343 NA 129.889706151976 139.482520559696 -31.8898431442303 3237.14000199122 750.5 74283000021 74283000020341 129.199996948242 3
582308999.260965 2018.451 38.843288 -90.619301 NA 129.600317138981 139.640690797133 -31.8822388513571 3572.45696317195 750.5 74283000021 74283000020341 129.199996948242 2
